10865323
7219526
899760
8860666
-4740471
6053978
-15400141
6312210
9973230
6266598
7142702
9881070
7831134
10278630
-15141209
9159270
6342858
7877962
5315751
8852230
5557666
8966302
9233250
7911330
10631190
9008250
330064
2082596
10284480
11050795
10802706
59584
6934988
7776913
4273088
6892318
8104470
7857623
6570573
-5895755
7847698
3817641
3621626
8403270
7629960
5394841
9964698
6885070
283780
8841570
8749582
-322000
1830596
9281278
3816298
3998210
4990096
10084766
9172243
4458292
7972634
-14488833
8893950
8151114
5935863
2709313
9039955
9765970
-11631236
10049370
5492274
2763532
7369182
7147358
-4469832
9992130
408952
10438530
7557474
272532
-12002887
5103206
8801139
802708
-136960
6576610
10747078
5881306
10087170
454328
8197710
-34339322
-445780
6348374
-25352902
5405554
-33062522
83132
8892970
3464138
9715830
1261624
-674688
5638771
8545322
9714750
8142190
10167490
-297200
9791970
3519610
3670006
7908054
10327794
3715488
6654864
3243396
8044711
-2240
8056770
10418347
877514
2595396
6647289
9664003
10362953
10854270
-54048
7188414
6061368
8461512
6993322
5624406
4684710
9510810
9410190
-3341276
9364154
6113380
11022926
10730150
714700
691672
7618118
6427230
557380
9947310
9563434
-111004
6597674
359660
-939580
-15234157
9672658
7874933
9220110
880912
-248398
7831402
-32638711
2856196
1706742
9358170
6258078
1818013
-92560
6154754
3435650
7335538
6501338
9278430
11087495
8403990
6859850
455312
2794596
8964810
6853403
-14996850
7820150
6682233
2961254
5620964
9935790
8798412
8302290
6362434
3357398
5025160
9896730
8812590
10532658
2811258
961876
9779162
6309278
8051190
705170
7159386
10601233
10354680
8158870
-7549243
-1031496
7689582
3519583
10027770
2732996
9285238
-6664556
6232066
8318730
8825046
6545570
6621546
8681122
9836790
2216144
-9040
7903470
9459838
-29302219
131487
9833396
-10420
1124984
8266830
-1783276
11455701
4157564
9196350
4973435
9691086
7072459
7976902
-1480421
9206070
-5511005
5964460
6749658
9275150
9316666
-372720
-13306724
1856196
-15172506
-11881208
9436558
-7773005
3452170
6247974
8824470
2462596
7715348
9660574
8102850
1481246
9901222
7497334
7127734
7102350
-5307005
11113177
8569954
1830736
7075382
3316887
-30780081
8523150
-8050505
819432
3511870
-42320
3088562
3089796
7471634
9873277
6441394
4593155
9797730
-33148858
-1864736
9489570
3660334
9316666
6656926
8016866
639734
9016742
4256003
6614634
-1323442
7855604
9490878
-116800
-14409333
-7594420
10597454
6568301
9317697
-1026110
5644282
9779730
8442030
7888718
-2127986
-32693815
7599159
8375038
5000203
4807848
-62080
52724
10542505
10069350
-16390985
-648814
9302137
-14187369
-1928516
1971345
9257690
109876
10617242
9825090
9303469
2079812
-29642069
-4462960
4113526
-512030
5794443
8455804
4926426
-55440
8462290
10384830
9267526
6958777
9131202
8734278
-5146668
4811668
6599502
-467440
7578014
7589854
5878322
472112
5499818
9071430
-15037701
-32590167
680728
659220
5982498
-10750772
-34992922
-1172995
-5707453
5408107
9214890
462456
-35569914
-171600
53252
3526195
-6526505
7882618
10150530
9072510
7775624
-25357046
7131062
10783290
8476022
5902410
8673450
9216226
8936250
5831984
10753818
8053000
9784050
6164261
8742930
5071233
-12568837
-351200
9465170
6334886
9666330
5943301
10582050
6336291
9381970
8058246
8817090
9957254
9252150
8031042
694180
565824
-12914597
6588250
-1946732
5373402
5863762
7770098
8622922
9671010
9163950
9154230
9924002
5465578
9592226
7482562
471434
5437035
522456
4625134
9002130
10439926
-34571367
-26978
262248
7455818
-4826630
-1546182
-1791266
10025930
10094190
7057345
-5227505
8990550
8160426
-2585676
8529493
-314876
6240286
802694
9315870
-8071880
5251058
8852162
6961118
10458550
637832
5243790
-7191543
8508750
10083210
-208720
9684510
9898350
8794806
6835406
4019813
2109004
6813584
-960220
8979450
120300
9167010
6238764
725264
4205214
-8814329
6812126
9112135
9323347
8773150
8148398
-10159856
1288996
4843837
1798720
1251248
8133810
9665430
792870
9162386
9391550
-7436
10316070
8530710
7834689
6713186
425932
4521846
7466682
9039646
-13298842
6746826
7929566
-78880
8753290
4848748
-645468
9806322
5424877
8592810
9539446
-155518
8352574
930464
283146
5633113
-13092051
8859602
-391520
6441586
-181280
5840904
-1055816
8941774
4844260
4836916
8528862
9911082
6342860
9515490
2458670
37128
10692514
-31010208
10172670
9170970
6565746
3963968
-7801880
-15539427
10224030
-82800
6571566
696120
8097810
8364514
-32531537
2119264
-6263500
10048650
-397988
7283866
8253934
6437190
8693399
5737153
9405690
6650346
3754364
7152402
10014270
7683574
8607750
236900
10779544
9412577
-15572131
546208
10093830
10291622
-5947939
9638250
7717090
-1077924
6237790
-86992
-1868812
8724190
3083978
-16478546
10128570
25856
-6677660
11092620
6035044
9669210
5756574
8645038
10044690
8001704
8745918
9325978
8362950
9109862
7006090
7996434
8070810
4676468
-3207480
-21846952
9831542
8550366
6484266
2411918
2640808
-86720
5903708
1658596
2568140
816996
3468708
2898918
8255310
9534738
-7183930
9194370
711888
-32487099
-32867163
6665614
726100
8350934
7057730
10510402
-3187471
6055334
-9939263
-6325209
-15225957
9537623
6133924
-235447
-8917161
8249550
756164
-274880
10776322
4924502
6140244
-3711620
9282030
4250956
6440810
9971222
9179430
3148196
6947836
-7022183
4099237
3052987
790328
10277850
-4819880
2913428
10148751
859176
-5675255
6828251
6265046
5265571
10784858
-18751197
8374214
6378923
9370210
9483270
5192963
5756830
524624
7065490
2172196
-426400
-413532
8087870
9181950
7018924
5909856
10051530
-14074713
3495980
8676078
-472576
494680
9086422
8603134
-32560237
7118286
-4515170
-3289313
11179284
5654210
-4800552
4361866
10642648
324212
6970430
10359610
9024890
5764959
10820554
6907962
8364030
-8109755
6797382
-25907239
9800970
5075808
-223114
9098610
-289600
10082670
2462596
10035630
4248338
4802757
9090690
7204910
10753650
-10325433
-278584
8664438
8453850
8705850
7751394
6733950
7484918
10466310
10862070
-3280123
806916
9981953
189336
-32822227
199800
-4910255
9883590
51280
8411850
7909002
-377040
-35702855
-1260000
3552643
-652738
4354883
7234658
2319388
7817046
8548350
265188
1823730
9897630
6462538
8627290
6571178
8654910
6920766
324380
-453600
9450150
9171150
4568335
-11303616
7610879
10056210
4277128
-13855317
1116196
-9009
-332100
9373470
10086990
7941594
8959290
10074570
9314970
6105323
9335678
6301089
7016214
5388976
-535613
7992810
-331360
8732670
7519714
7535358
6187142
9190230
10177890
4922886
8045610
-514912
501824
-3885966
325352
-1305830
8313298
8359170
9899346
7775918
-125685
-1285555
10663950
8252430
5645598
8551918
150552
3572344
9671272
-400102
590516
-28012731
10076190
8644797
9756510
464588
10636642
9484670
9319470
7429434
-4750630
2536045
7691334
4160046
-34254202
4061826
10255626
7258326
-8176136
-12759253
10164570
9315690
5546243
10268818
-7843880
9839077
9993338
6521902
8855970
7506646
9333330
-27848632
6770222
9128391
8791515
9017070
8727682
8267730
9563586
-1573875
8776182
-33313626
-2927913
6890502
-3327864
10959147
1002544
10534598
4915006
607644
6499786
8495610
9519590
3627592
601004
9811770
10508122
-758206
2428476
-12327093
8547270
9596006
8277270
-30275335
837184
-18149028
10370862
7593814
2348196
9601846
7165453
7260614
8408850
4081354
8133990
4552006
8849918
4200698
4727116
-7790732
10528170
5819432
-58000
9787290
7715002
8301030
1172043
-32772506
6585146
8943835
817192
9918690
7959649
10158810
809168
9735318
1377530
8700810
9868290
9772566
2974080
6393862
-119200
10071330
-32560565
4842596
10418586
4909678
3003135
-13212097
2188872
5480702
3237426
8266110
164688
8671290
6148645
9406050
8771526
-10804261
5524822
9853170
8056950
5268259
8349810
1676196
10783694
5549966
8626414
6415978
9466660
9814110
789484
37208
2861218
9317310
5440646
10717408
709814
7963322
-3934989
237296
9830863
9270510
180908
7860074
7692112
10139730
8654678
-340452
-30274190
8264898
1332726
7674079
7644774
11605681
-15982627
2856196
7822610
7209275
4214338
3571890
10723554
8560590
55920
6407830
2914160
11461753
8561310
5187594
-31705255
-1081788
8588959
3325998
-462058
10281750
6497266
-6610160
10475970
-23465538
9244498
1184678
5263295
-10066483
-27261177
-10435429
9178150
4798516
7348150
-13530
8542218
8491390
610851
9664426
5829191
10646010
186919
6807693
10544298
-22161543
10623000
7749534
9967342
5885174
10290720
8531970
9296924
-15924285
5595729
6451096
10576590
3981090
7275786
10284332
6509486
-7214173
10217400
6607262
9426846
4423432
3050862
-13649853
-32603619
-11812261
4419188
10854869
8694690
6685638
8981970
10117770
7407364
6165502
8318342
-794068
8569822
8386710
7051852
6895546
2393796
9826498
9534334
9042519
10587366
-694222
6116938
11147270
6489082
6707726
9681286
5691376
5776263
-10535321
740160
10377458
10038390
8528370
5904
2725546
6455642
-1937666
10508730
7627777
2078810
-15053666
-374440
10476010
7127454
8584510
8779830
633480
3772596
7721210
-6816323
6987966
475148
10065570
8467062
9014026
7595350
9538530
4956980
-24580270
2941428
-3322112
10486874
10668458
10088010
9800790
7500826
9334770
4375980
8608290
7462887
3806587
9330090
3491952
6474954
4252778
-323864
8811490
9734542
6127954
-4914231
6311606
8066490
8611482
6384268
9734930
9594330
9309750
10570590
6709306
7703362
3752142
9015630
8329603
7447670
6566438
-19568746
5748842
2228622
10185990
-12092
7113214
9975490
9382290
10560600
8059934
737092
42840
9985578
7753026
8271782
9197266
6967326
9661290
753932
7265494
8203494
-28990855
-4477379
7479893
8177110
8409769
4146612
9784410
-139440
6882578
6253406
10535640
2344333
5650294
4609288
1228392
-11248706
-7057228
7665338
7815106
-22674173
5622974
10109670
9881206
6074909
9345390
10036230
1978533
-5637961
1975968
9793846
892008
-32652241
6346138
11104351
6211114
9540150
-903202
-34258458
281044
-5063630
5216682
4211498
1286948
5441999
6908738
2564068
-569866
-5036357
-16082044
5505342
10226914
10526450
10168890
8612754
-4435713
9730590
4881982
9750217
4956768
9633662
-31347415
8966302
10638990
82943
9647250
-32580860
10004978
8295450
10096170
441572
6332558
4876103
9928410
7026475
8177222
6086078
8178790
1353180
10336718
238788
9571970
1612264
2380530
7713838
9018294
8703150
9591630
626996
601829
10447890
38512
7236986
4572058
-5310356
7350784
10202429
-34813351
6512978
6724050
9558330
-9099317
-21360
14608
10646010
10572234
2872996
10027950
4761206
8101230
6416754
10598071
4417960
6129513
8452770
10738050
1848946
6006981
9109862
3202806
6618972
10517526
8241270
8280330
8749410
7087994
10438140
768772
163467
8571289
9140550
10211006
8463390
9497490
-458772
8212258
6091954
10133430
7145030
844660
2697300
7335538
5070580
9509550
7255610
8875898
-3013013
8039662
4421897
-27360
10064342
749890
9823394
9414690
3689806
-7929573
6568687
7519450
8422710
9077898
-114484
5136068
-4201542
4245960
8809550
3693148
6514142
2292996
1007760
10702602
-6745076
4824516
10130302
10172270
10190442
10140002
-20363
7675220
-9613683
9939930
4914574
9743092
10385986
-15794820
3292196
390256
5200004
5042866
617564
10307230
9273282
6769446
441632
9529710
3509256
-9036037
10272000
352212
7074542
294818
9666254
7915974
703680
401100
6944822
1189598
6041042
-1500
-3630160
9911858
-29560375
8532518
9957456
4209686
9683610
8715874
-25255000
9494790
2149796
-15898093
-10424089
3215270
3594062
4016096
8502254
-5081255
9948750
318312
8681122
4762220
6453226
2320996
4171388
5468330
7059282
7080622
10423756
723440
7401110
8675790
10058190
9727350
8129130
6235170
8647754
10115610
1182596
10734418
663236
6435534
3099834
7654945
8265186
4641554
8533410
8896818
10098510
5328758
10013804
1118596
7148138
10247820
-10296665
9249810
2673796
5778180
10031227
2472196
-15237814
10261834
9491412
6739182
8419998
7379972
10112730
2575476
-32713905
10568354
10683978
9419730
7849760
6016254
4215891
10043778
10829478
10169490
7087606
-32527929
9624570
10766466
10370280
10039290
10032526
9675913
9465810
8187090
3652190
-8512843
5204376
9408390
9313170
657744
6366458
10128390
10008187
-8097446
9189790
6297250
9661598
8894850
9874770
7926462
9800941
4905318
10715018
2594596
7010782
7113850
10101210
-10101728
871912
-10288529
-11358145
8662830
9096270
-3251427
10065097
-735288
8789730
4233774
10312662
11663620
10895341
8907270
2115396
8417670
5755615
9288730
9488850
6751986
2521980
1043075
1199396
9666510
4524524
11105250
757944
9553888
7965262
5224762
6781282
2748996
8946514
8629518
265464
5605664
6549062
9808858
-16233381
7422450
10600380
10022010
-15424730
7241642
8296614
433724
-8778206
479620
8558126
8588628
-21920
9920850
-1816886
894730
10388969
644628
8617650
4105704
3150678
3332196
7556310
-6333326
7840994
-924768
708848
8704790
210136
-32532603
8352150
4051506
-244520
6842778
-3242169
9831154
5770864
3436566
11462725
8091133
8595522
9597370
32564
3982880
10103010
-158448
8512342
-358560
8839038
8348218
-14494875
71709
8772690
9419942
550996
754673
7571054
8436294
460796
6855194
459764
9622410
988674
6635182
10022550
10169790
5940310
8929442
10802400
5603480
357752
9627990
9906270
8694417
-128400
11251378
-294580
10169490
7930602
790852
8587410
10795722
9230918
3635262
7656414
7980006
6466806
908236
8579466
388920
6898262
297992
6677878
1923944
9866490
624158
9652815
5435214
8152387
8264850
-120560
9943530
9086730
-2973202
4522418
2221418
4413210
9187350
704364
10810200
5951753
-858568
8622690
3485348
-4343746
3379396
6944174
630866
7927238
8714490
10124610
10532130
9427470
8369230
9776130
6472992
8228710
8038770
4975383
-32719604
7306614
146329
1078588
7186835
6968218
-192240
6881654
8545650
73500
9846286
-5458976
-1298181
-86992
-29036935
10330000
9680010
4688156
2831712
10619100
-338000
6329454
7647439
4946840
4726553
6099729
2704118
6733750
8704014
8715654
9056706
138180
5320282
-235472
-294000
9885086
4291918
7281626
9560943
-7431217
8101990
7586186
1119228
8155594
-430083
5641800
3551296
-11571997
6184466
7775142
10249828
906300
9416490
4069892
8630609
10763400
8376154
10155774
4669774
-14493487
10430226
2472146
8120462
-163668
-15181514
8554246
-3703616
8252611
5547586
6158896
4452448
-9263156
9966954
318816
-32617063
3348196
9496050
8613510
10681650
6947926
-3541170
-472576
10386270
377252
313880
10105170
9075718
8660558
5553068
8257814
-12064886
2482596
711660
7129898
150629
7332974
-1136364
9669358
6146168
8339730
-6336713
10449238
-4735510
-37520
8006778
4905802
9025666
-32632684
5408492
9186686
8455694
1620950
2014596
7189388
6411978
6707754
3754390
9525210
-8226110
-2292531
9141278
7754190
6262330
-32489512
274660
-1748612
-8842652
6939390
10517138
9991398
6719650
4486538
6563806
6548674
-10178612
3137796
5428348
5585792
8245050
600852
8258370
10366206
7572994
429776
8773466
-13641505
9884960
-30499462
8717370
-2095369
6724106
113456
4846319
9431970
560512
7855846
6044661
10267324
8993670
8579310
225488
-15819070
6277074
10217602
431600
-5645352
10475190
8753370
-220720
7476718
-32663311
6850958
5038097
8520926
9467250
1082206
3559255
-32559622
4804346
4243038
10344150
-8754018
588800
7025914
6463314
7138434
2441796
6835018
10081414
9930094
10410438
137700
506060
10650998
639624
-175202
-29698615
29588
6749994
6818074
6072106
7587350
-48348
4187788
5042110
5623185
9627630
-1293178
6967490
-7015916
10100958
5069082
8258998
10149990
2525800
5542058
9590374
8481750
-4549076
1114703
-11587322
-142960
7704634
6257674
10979926
6762850
6329842
8669398
2704996
9175826
335160
7709473
6341257
2637407
4349106
6803684
446496
661088
-12078893
-15299415
10326242
2806976
-41680
5153728
1922163
9001766
-112000
10133794
9859110
9720186
8121626
5675792
8735370
9904098
9014910
3528021
8149110
849144
9797730
8634030
9219666
6459434
10709974
10641686
9426858
-5490
8131290
1368195
9701174
9788730
6456674
7398782
6988538
10050762
9787698
10500540
9723290
-19008028
5289580
3792058
3838828
4628930
1406708
8156934
2300882
9986354
10844130
7945234
8137950
291532
7853406
8879910
-17403328
8355978
4613011
-20480
9960450
-22330475
671372
10184190
805900
10794170
10483770
7161714
141956
7642058
-7302755
-133520
7776694
7599354
9080430
-3684877
-245154
3579091
2590466
4801643
7740672
9869730
9015270
8462310
-3714574
8219014
890944
90256
10300080
9987450
3654742
-35467559
7197180
8235510
-1216080
1977807
8156850
8305150
8181378
832106
3542725
608452
-287520
7594979
9936690
4232012
8403702
6601830
6263106
557760
9834090
312584
6541138
-9130655
8414289
8715266
-382080
-189200
9354302
8420413
-11925806
9263510
2011396
5680906
-110250
1742180
-523047
7385202
10283700
9919050
2985796
-6112811
2539670
8753010
-985246
-18295058
