200000 2000
1 1 1
1 101 1
1 201 1
1 301 1
1 401 1
1 501 1
1 601 1
1 701 1
1 801 1
1 901 1
1 1001 1
1 1101 1
1 1201 1
1 1301 1
1 1401 1
1 1501 1
1 1601 1
1 1701 1
1 1801 1
1 1901 1
1 2001 1
1 2101 1
1 2201 1
1 2301 1
1 2401 1
1 2501 1
1 2601 1
1 2701 1
1 2801 1
1 2901 1
1 3001 1
1 3101 1
1 3201 1
1 3301 1
1 3401 1
1 3501 1
1 3601 1
1 3701 1
1 3801 1
1 3901 1
1 4001 1
1 4101 1
1 4201 1
1 4301 1
1 4401 1
1 4501 1
1 4601 1
1 4701 1
1 4801 1
1 4901 1
1 5001 1
1 5101 1
1 5201 1
1 5301 1
1 5401 1
1 5501 1
1 5601 1
1 5701 1
1 5801 1
1 5901 1
1 6001 1
1 6101 1
1 6201 1
1 6301 1
1 6401 1
1 6501 1
1 6601 1
1 6701 1
1 6801 1
1 6901 1
1 7001 1
1 7101 1
1 7201 1
1 7301 1
1 7401 1
1 7501 1
1 7601 1
1 7701 1
1 7801 1
1 7901 1
1 8001 1
1 8101 1
1 8201 1
1 8301 1
1 8401 1
1 8501 1
1 8601 1
1 8701 1
1 8801 1
1 8901 1
1 9001 1
1 9101 1
1 9201 1
1 9301 1
1 9401 1
1 9501 1
1 9601 1
1 9701 1
1 9801 1
1 9901 1
1 10001 1
1 10101 1
1 10201 1
1 10301 1
1 10401 1
1 10501 1
1 10601 1
1 10701 1
1 10801 1
1 10901 1
1 11001 1
1 11101 1
1 11201 1
1 11301 1
1 11401 1
1 11501 1
1 11601 1
1 11701 1
1 11801 1
1 11901 1
1 12001 1
1 12101 1
1 12201 1
1 12301 1
1 12401 1
1 12501 1
1 12601 1
1 12701 1
1 12801 1
1 12901 1
1 13001 1
1 13101 1
1 13201 1
1 13301 1
1 13401 1
1 13501 1
1 13601 1
1 13701 1
1 13801 1
1 13901 1
1 14001 1
1 14101 1
1 14201 1
1 14301 1
1 14401 1
1 14501 1
1 14601 1
1 14701 1
1 14801 1
1 14901 1
1 15001 1
1 15101 1
1 15201 1
1 15301 1
1 15401 1
1 15501 1
1 15601 1
1 15701 1
1 15801 1
1 15901 1
1 16001 1
1 16101 1
1 16201 1
1 16301 1
1 16401 1
1 16501 1
1 16601 1
1 16701 1
1 16801 1
1 16901 1
1 17001 1
1 17101 1
1 17201 1
1 17301 1
1 17401 1
1 17501 1
1 17601 1
1 17701 1
1 17801 1
1 17901 1
1 18001 1
1 18101 1
1 18201 1
1 18301 1
1 18401 1
1 18501 1
1 18601 1
1 18701 1
1 18801 1
1 18901 1
1 19001 1
1 19101 1
1 19201 1
1 19301 1
1 19401 1
1 19501 1
1 19601 1
1 19701 1
1 19801 1
1 19901 1
1 20001 1
1 20101 1
1 20201 1
1 20301 1
1 20401 1
1 20501 1
1 20601 1
1 20701 1
1 20801 1
1 20901 1
1 21001 1
1 21101 1
1 21201 1
1 21301 1
1 21401 1
1 21501 1
1 21601 1
1 21701 1
1 21801 1
1 21901 1
1 22001 1
1 22101 1
1 22201 1
1 22301 1
1 22401 1
1 22501 1
1 22601 1
1 22701 1
1 22801 1
1 22901 1
1 23001 1
1 23101 1
1 23201 1
1 23301 1
1 23401 1
1 23501 1
1 23601 1
1 23701 1
1 23801 1
1 23901 1
1 24001 1
1 24101 1
1 24201 1
1 24301 1
1 24401 1
1 24501 1
1 24601 1
1 24701 1
1 24801 1
1 24901 1
1 25001 1
1 25101 1
1 25201 1
1 25301 1
1 25401 1
1 25501 1
1 25601 1
1 25701 1
1 25801 1
1 25901 1
1 26001 1
1 26101 1
1 26201 1
1 26301 1
1 26401 1
1 26501 1
1 26601 1
1 26701 1
1 26801 1
1 26901 1
1 27001 1
1 27101 1
1 27201 1
1 27301 1
1 27401 1
1 27501 1
1 27601 1
1 27701 1
1 27801 1
1 27901 1
1 28001 1
1 28101 1
1 28201 1
1 28301 1
1 28401 1
1 28501 1
1 28601 1
1 28701 1
1 28801 1
1 28901 1
1 29001 1
1 29101 1
1 29201 1
1 29301 1
1 29401 1
1 29501 1
1 29601 1
1 29701 1
1 29801 1
1 29901 1
1 30001 1
1 30101 1
1 30201 1
1 30301 1
1 30401 1
1 30501 1
1 30601 1
1 30701 1
1 30801 1
1 30901 1
1 31001 1
1 31101 1
1 31201 1
1 31301 1
1 31401 1
1 31501 1
1 31601 1
1 31701 1
1 31801 1
1 31901 1
1 32001 1
1 32101 1
1 32201 1
1 32301 1
1 32401 1
1 32501 1
1 32601 1
1 32701 1
1 32801 1
1 32901 1
1 33001 1
1 33101 1
1 33201 1
1 33301 1
1 33401 1
1 33501 1
1 33601 1
1 33701 1
1 33801 1
1 33901 1
1 34001 1
1 34101 1
1 34201 1
1 34301 1
1 34401 1
1 34501 1
1 34601 1
1 34701 1
1 34801 1
1 34901 1
1 35001 1
1 35101 1
1 35201 1
1 35301 1
1 35401 1
1 35501 1
1 35601 1
1 35701 1
1 35801 1
1 35901 1
1 36001 1
1 36101 1
1 36201 1
1 36301 1
1 36401 1
1 36501 1
1 36601 1
1 36701 1
1 36801 1
1 36901 1
1 37001 1
1 37101 1
1 37201 1
1 37301 1
1 37401 1
1 37501 1
1 37601 1
1 37701 1
1 37801 1
1 37901 1
1 38001 1
1 38101 1
1 38201 1
1 38301 1
1 38401 1
1 38501 1
1 38601 1
1 38701 1
1 38801 1
1 38901 1
1 39001 1
1 39101 1
1 39201 1
1 39301 1
1 39401 1
1 39501 1
1 39601 1
1 39701 1
1 39801 1
1 39901 1
1 40001 1
1 40101 1
1 40201 1
1 40301 1
1 40401 1
1 40501 1
1 40601 1
1 40701 1
1 40801 1
1 40901 1
1 41001 1
1 41101 1
1 41201 1
1 41301 1
1 41401 1
1 41501 1
1 41601 1
1 41701 1
1 41801 1
1 41901 1
1 42001 1
1 42101 1
1 42201 1
1 42301 1
1 42401 1
1 42501 1
1 42601 1
1 42701 1
1 42801 1
1 42901 1
1 43001 1
1 43101 1
1 43201 1
1 43301 1
1 43401 1
1 43501 1
1 43601 1
1 43701 1
1 43801 1
1 43901 1
1 44001 1
1 44101 1
1 44201 1
1 44301 1
1 44401 1
1 44501 1
1 44601 1
1 44701 1
1 44801 1
1 44901 1
1 45001 1
1 45101 1
1 45201 1
1 45301 1
1 45401 1
1 45501 1
1 45601 1
1 45701 1
1 45801 1
1 45901 1
1 46001 1
1 46101 1
1 46201 1
1 46301 1
1 46401 1
1 46501 1
1 46601 1
1 46701 1
1 46801 1
1 46901 1
1 47001 1
1 47101 1
1 47201 1
1 47301 1
1 47401 1
1 47501 1
1 47601 1
1 47701 1
1 47801 1
1 47901 1
1 48001 1
1 48101 1
1 48201 1
1 48301 1
1 48401 1
1 48501 1
1 48601 1
1 48701 1
1 48801 1
1 48901 1
1 49001 1
1 49101 1
1 49201 1
1 49301 1
1 49401 1
1 49501 1
1 49601 1
1 49701 1
1 49801 1
1 49901 1
1 50001 1
1 50101 1
1 50201 1
1 50301 1
1 50401 1
1 50501 1
1 50601 1
1 50701 1
1 50801 1
1 50901 1
1 51001 1
1 51101 1
1 51201 1
1 51301 1
1 51401 1
1 51501 1
1 51601 1
1 51701 1
1 51801 1
1 51901 1
1 52001 1
1 52101 1
1 52201 1
1 52301 1
1 52401 1
1 52501 1
1 52601 1
1 52701 1
1 52801 1
1 52901 1
1 53001 1
1 53101 1
1 53201 1
1 53301 1
1 53401 1
1 53501 1
1 53601 1
1 53701 1
1 53801 1
1 53901 1
1 54001 1
1 54101 1
1 54201 1
1 54301 1
1 54401 1
1 54501 1
1 54601 1
1 54701 1
1 54801 1
1 54901 1
1 55001 1
1 55101 1
1 55201 1
1 55301 1
1 55401 1
1 55501 1
1 55601 1
1 55701 1
1 55801 1
1 55901 1
1 56001 1
1 56101 1
1 56201 1
1 56301 1
1 56401 1
1 56501 1
1 56601 1
1 56701 1
1 56801 1
1 56901 1
1 57001 1
1 57101 1
1 57201 1
1 57301 1
1 57401 1
1 57501 1
1 57601 1
1 57701 1
1 57801 1
1 57901 1
1 58001 1
1 58101 1
1 58201 1
1 58301 1
1 58401 1
1 58501 1
1 58601 1
1 58701 1
1 58801 1
1 58901 1
1 59001 1
1 59101 1
1 59201 1
1 59301 1
1 59401 1
1 59501 1
1 59601 1
1 59701 1
1 59801 1
1 59901 1
1 60001 1
1 60101 1
1 60201 1
1 60301 1
1 60401 1
1 60501 1
1 60601 1
1 60701 1
1 60801 1
1 60901 1
1 61001 1
1 61101 1
1 61201 1
1 61301 1
1 61401 1
1 61501 1
1 61601 1
1 61701 1
1 61801 1
1 61901 1
1 62001 1
1 62101 1
1 62201 1
1 62301 1
1 62401 1
1 62501 1
1 62601 1
1 62701 1
1 62801 1
1 62901 1
1 63001 1
1 63101 1
1 63201 1
1 63301 1
1 63401 1
1 63501 1
1 63601 1
1 63701 1
1 63801 1
1 63901 1
1 64001 1
1 64101 1
1 64201 1
1 64301 1
1 64401 1
1 64501 1
1 64601 1
1 64701 1
1 64801 1
1 64901 1
1 65001 1
1 65101 1
1 65201 1
1 65301 1
1 65401 1
1 65501 1
1 65601 1
1 65701 1
1 65801 1
1 65901 1
1 66001 1
1 66101 1
1 66201 1
1 66301 1
1 66401 1
1 66501 1
1 66601 1
1 66701 1
1 66801 1
1 66901 1
1 67001 1
1 67101 1
1 67201 1
1 67301 1
1 67401 1
1 67501 1
1 67601 1
1 67701 1
1 67801 1
1 67901 1
1 68001 1
1 68101 1
1 68201 1
1 68301 1
1 68401 1
1 68501 1
1 68601 1
1 68701 1
1 68801 1
1 68901 1
1 69001 1
1 69101 1
1 69201 1
1 69301 1
1 69401 1
1 69501 1
1 69601 1
1 69701 1
1 69801 1
1 69901 1
1 70001 1
1 70101 1
1 70201 1
1 70301 1
1 70401 1
1 70501 1
1 70601 1
1 70701 1
1 70801 1
1 70901 1
1 71001 1
1 71101 1
1 71201 1
1 71301 1
1 71401 1
1 71501 1
1 71601 1
1 71701 1
1 71801 1
1 71901 1
1 72001 1
1 72101 1
1 72201 1
1 72301 1
1 72401 1
1 72501 1
1 72601 1
1 72701 1
1 72801 1
1 72901 1
1 73001 1
1 73101 1
1 73201 1
1 73301 1
1 73401 1
1 73501 1
1 73601 1
1 73701 1
1 73801 1
1 73901 1
1 74001 1
1 74101 1
1 74201 1
1 74301 1
1 74401 1
1 74501 1
1 74601 1
1 74701 1
1 74801 1
1 74901 1
1 75001 1
1 75101 1
1 75201 1
1 75301 1
1 75401 1
1 75501 1
1 75601 1
1 75701 1
1 75801 1
1 75901 1
1 76001 1
1 76101 1
1 76201 1
1 76301 1
1 76401 1
1 76501 1
1 76601 1
1 76701 1
1 76801 1
1 76901 1
1 77001 1
1 77101 1
1 77201 1
1 77301 1
1 77401 1
1 77501 1
1 77601 1
1 77701 1
1 77801 1
1 77901 1
1 78001 1
1 78101 1
1 78201 1
1 78301 1
1 78401 1
1 78501 1
1 78601 1
1 78701 1
1 78801 1
1 78901 1
1 79001 1
1 79101 1
1 79201 1
1 79301 1
1 79401 1
1 79501 1
1 79601 1
1 79701 1
1 79801 1
1 79901 1
1 80001 1
1 80101 1
1 80201 1
1 80301 1
1 80401 1
1 80501 1
1 80601 1
1 80701 1
1 80801 1
1 80901 1
1 81001 1
1 81101 1
1 81201 1
1 81301 1
1 81401 1
1 81501 1
1 81601 1
1 81701 1
1 81801 1
1 81901 1
1 82001 1
1 82101 1
1 82201 1
1 82301 1
1 82401 1
1 82501 1
1 82601 1
1 82701 1
1 82801 1
1 82901 1
1 83001 1
1 83101 1
1 83201 1
1 83301 1
1 83401 1
1 83501 1
1 83601 1
1 83701 1
1 83801 1
1 83901 1
1 84001 1
1 84101 1
1 84201 1
1 84301 1
1 84401 1
1 84501 1
1 84601 1
1 84701 1
1 84801 1
1 84901 1
1 85001 1
1 85101 1
1 85201 1
1 85301 1
1 85401 1
1 85501 1
1 85601 1
1 85701 1
1 85801 1
1 85901 1
1 86001 1
1 86101 1
1 86201 1
1 86301 1
1 86401 1
1 86501 1
1 86601 1
1 86701 1
1 86801 1
1 86901 1
1 87001 1
1 87101 1
1 87201 1
1 87301 1
1 87401 1
1 87501 1
1 87601 1
1 87701 1
1 87801 1
1 87901 1
1 88001 1
1 88101 1
1 88201 1
1 88301 1
1 88401 1
1 88501 1
1 88601 1
1 88701 1
1 88801 1
1 88901 1
1 89001 1
1 89101 1
1 89201 1
1 89301 1
1 89401 1
1 89501 1
1 89601 1
1 89701 1
1 89801 1
1 89901 1
1 90001 1
1 90101 1
1 90201 1
1 90301 1
1 90401 1
1 90501 1
1 90601 1
1 90701 1
1 90801 1
1 90901 1
1 91001 1
1 91101 1
1 91201 1
1 91301 1
1 91401 1
1 91501 1
1 91601 1
1 91701 1
1 91801 1
1 91901 1
1 92001 1
1 92101 1
1 92201 1
1 92301 1
1 92401 1
1 92501 1
1 92601 1
1 92701 1
1 92801 1
1 92901 1
1 93001 1
1 93101 1
1 93201 1
1 93301 1
1 93401 1
1 93501 1
1 93601 1
1 93701 1
1 93801 1
1 93901 1
1 94001 1
1 94101 1
1 94201 1
1 94301 1
1 94401 1
1 94501 1
1 94601 1
1 94701 1
1 94801 1
1 94901 1
1 95001 1
1 95101 1
1 95201 1
1 95301 1
1 95401 1
1 95501 1
1 95601 1
1 95701 1
1 95801 1
1 95901 1
1 96001 1
1 96101 1
1 96201 1
1 96301 1
1 96401 1
1 96501 1
1 96601 1
1 96701 1
1 96801 1
1 96901 1
1 97001 1
1 97101 1
1 97201 1
1 97301 1
1 97401 1
1 97501 1
1 97601 1
1 97701 1
1 97801 1
1 97901 1
1 98001 1
1 98101 1
1 98201 1
1 98301 1
1 98401 1
1 98501 1
1 98601 1
1 98701 1
1 98801 1
1 98901 1
1 99001 1
1 99101 1
1 99201 1
1 99301 1
1 99401 1
1 99501 1
1 99601 1
1 99701 1
1 99801 1
1 99901 1
1 100001 1
1 100101 1
1 100201 1
1 100301 1
1 100401 1
1 100501 1
1 100601 1
1 100701 1
1 100801 1
1 100901 1
1 101001 1
1 101101 1
1 101201 1
1 101301 1
1 101401 1
1 101501 1
1 101601 1
1 101701 1
1 101801 1
1 101901 1
1 102001 1
1 102101 1
1 102201 1
1 102301 1
1 102401 1
1 102501 1
1 102601 1
1 102701 1
1 102801 1
1 102901 1
1 103001 1
1 103101 1
1 103201 1
1 103301 1
1 103401 1
1 103501 1
1 103601 1
1 103701 1
1 103801 1
1 103901 1
1 104001 1
1 104101 1
1 104201 1
1 104301 1
1 104401 1
1 104501 1
1 104601 1
1 104701 1
1 104801 1
1 104901 1
1 105001 1
1 105101 1
1 105201 1
1 105301 1
1 105401 1
1 105501 1
1 105601 1
1 105701 1
1 105801 1
1 105901 1
1 106001 1
1 106101 1
1 106201 1
1 106301 1
1 106401 1
1 106501 1
1 106601 1
1 106701 1
1 106801 1
1 106901 1
1 107001 1
1 107101 1
1 107201 1
1 107301 1
1 107401 1
1 107501 1
1 107601 1
1 107701 1
1 107801 1
1 107901 1
1 108001 1
1 108101 1
1 108201 1
1 108301 1
1 108401 1
1 108501 1
1 108601 1
1 108701 1
1 108801 1
1 108901 1
1 109001 1
1 109101 1
1 109201 1
1 109301 1
1 109401 1
1 109501 1
1 109601 1
1 109701 1
1 109801 1
1 109901 1
1 110001 1
1 110101 1
1 110201 1
1 110301 1
1 110401 1
1 110501 1
1 110601 1
1 110701 1
1 110801 1
1 110901 1
1 111001 1
1 111101 1
1 111201 1
1 111301 1
1 111401 1
1 111501 1
1 111601 1
1 111701 1
1 111801 1
1 111901 1
1 112001 1
1 112101 1
1 112201 1
1 112301 1
1 112401 1
1 112501 1
1 112601 1
1 112701 1
1 112801 1
1 112901 1
1 113001 1
1 113101 1
1 113201 1
1 113301 1
1 113401 1
1 113501 1
1 113601 1
1 113701 1
1 113801 1
1 113901 1
1 114001 1
1 114101 1
1 114201 1
1 114301 1
1 114401 1
1 114501 1
1 114601 1
1 114701 1
1 114801 1
1 114901 1
1 115001 1
1 115101 1
1 115201 1
1 115301 1
1 115401 1
1 115501 1
1 115601 1
1 115701 1
1 115801 1
1 115901 1
1 116001 1
1 116101 1
1 116201 1
1 116301 1
1 116401 1
1 116501 1
1 116601 1
1 116701 1
1 116801 1
1 116901 1
1 117001 1
1 117101 1
1 117201 1
1 117301 1
1 117401 1
1 117501 1
1 117601 1
1 117701 1
1 117801 1
1 117901 1
1 118001 1
1 118101 1
1 118201 1
1 118301 1
1 118401 1
1 118501 1
1 118601 1
1 118701 1
1 118801 1
1 118901 1
1 119001 1
1 119101 1
1 119201 1
1 119301 1
1 119401 1
1 119501 1
1 119601 1
1 119701 1
1 119801 1
1 119901 1
1 120001 1
1 120101 1
1 120201 1
1 120301 1
1 120401 1
1 120501 1
1 120601 1
1 120701 1
1 120801 1
1 120901 1
1 121001 1
1 121101 1
1 121201 1
1 121301 1
1 121401 1
1 121501 1
1 121601 1
1 121701 1
1 121801 1
1 121901 1
1 122001 1
1 122101 1
1 122201 1
1 122301 1
1 122401 1
1 122501 1
1 122601 1
1 122701 1
1 122801 1
1 122901 1
1 123001 1
1 123101 1
1 123201 1
1 123301 1
1 123401 1
1 123501 1
1 123601 1
1 123701 1
1 123801 1
1 123901 1
1 124001 1
1 124101 1
1 124201 1
1 124301 1
1 124401 1
1 124501 1
1 124601 1
1 124701 1
1 124801 1
1 124901 1
1 125001 1
1 125101 1
1 125201 1
1 125301 1
1 125401 1
1 125501 1
1 125601 1
1 125701 1
1 125801 1
1 125901 1
1 126001 1
1 126101 1
1 126201 1
1 126301 1
1 126401 1
1 126501 1
1 126601 1
1 126701 1
1 126801 1
1 126901 1
1 127001 1
1 127101 1
1 127201 1
1 127301 1
1 127401 1
1 127501 1
1 127601 1
1 127701 1
1 127801 1
1 127901 1
1 128001 1
1 128101 1
1 128201 1
1 128301 1
1 128401 1
1 128501 1
1 128601 1
1 128701 1
1 128801 1
1 128901 1
1 129001 1
1 129101 1
1 129201 1
1 129301 1
1 129401 1
1 129501 1
1 129601 1
1 129701 1
1 129801 1
1 129901 1
1 130001 1
1 130101 1
1 130201 1
1 130301 1
1 130401 1
1 130501 1
1 130601 1
1 130701 1
1 130801 1
1 130901 1
1 131001 1
1 131101 1
1 131201 1
1 131301 1
1 131401 1
1 131501 1
1 131601 1
1 131701 1
1 131801 1
1 131901 1
1 132001 1
1 132101 1
1 132201 1
1 132301 1
1 132401 1
1 132501 1
1 132601 1
1 132701 1
1 132801 1
1 132901 1
1 133001 1
1 133101 1
1 133201 1
1 133301 1
1 133401 1
1 133501 1
1 133601 1
1 133701 1
1 133801 1
1 133901 1
1 134001 1
1 134101 1
1 134201 1
1 134301 1
1 134401 1
1 134501 1
1 134601 1
1 134701 1
1 134801 1
1 134901 1
1 135001 1
1 135101 1
1 135201 1
1 135301 1
1 135401 1
1 135501 1
1 135601 1
1 135701 1
1 135801 1
1 135901 1
1 136001 1
1 136101 1
1 136201 1
1 136301 1
1 136401 1
1 136501 1
1 136601 1
1 136701 1
1 136801 1
1 136901 1
1 137001 1
1 137101 1
1 137201 1
1 137301 1
1 137401 1
1 137501 1
1 137601 1
1 137701 1
1 137801 1
1 137901 1
1 138001 1
1 138101 1
1 138201 1
1 138301 1
1 138401 1
1 138501 1
1 138601 1
1 138701 1
1 138801 1
1 138901 1
1 139001 1
1 139101 1
1 139201 1
1 139301 1
1 139401 1
1 139501 1
1 139601 1
1 139701 1
1 139801 1
1 139901 1
1 140001 1
1 140101 1
1 140201 1
1 140301 1
1 140401 1
1 140501 1
1 140601 1
1 140701 1
1 140801 1
1 140901 1
1 141001 1
1 141101 1
1 141201 1
1 141301 1
1 141401 1
1 141501 1
1 141601 1
1 141701 1
1 141801 1
1 141901 1
1 142001 1
1 142101 1
1 142201 1
1 142301 1
1 142401 1
1 142501 1
1 142601 1
1 142701 1
1 142801 1
1 142901 1
1 143001 1
1 143101 1
1 143201 1
1 143301 1
1 143401 1
1 143501 1
1 143601 1
1 143701 1
1 143801 1
1 143901 1
1 144001 1
1 144101 1
1 144201 1
1 144301 1
1 144401 1
1 144501 1
1 144601 1
1 144701 1
1 144801 1
1 144901 1
1 145001 1
1 145101 1
1 145201 1
1 145301 1
1 145401 1
1 145501 1
1 145601 1
1 145701 1
1 145801 1
1 145901 1
1 146001 1
1 146101 1
1 146201 1
1 146301 1
1 146401 1
1 146501 1
1 146601 1
1 146701 1
1 146801 1
1 146901 1
1 147001 1
1 147101 1
1 147201 1
1 147301 1
1 147401 1
1 147501 1
1 147601 1
1 147701 1
1 147801 1
1 147901 1
1 148001 1
1 148101 1
1 148201 1
1 148301 1
1 148401 1
1 148501 1
1 148601 1
1 148701 1
1 148801 1
1 148901 1
1 149001 1
1 149101 1
1 149201 1
1 149301 1
1 149401 1
1 149501 1
1 149601 1
1 149701 1
1 149801 1
1 149901 1
1 150001 1
1 150101 1
1 150201 1
1 150301 1
1 150401 1
1 150501 1
1 150601 1
1 150701 1
1 150801 1
1 150901 1
1 151001 1
1 151101 1
1 151201 1
1 151301 1
1 151401 1
1 151501 1
1 151601 1
1 151701 1
1 151801 1
1 151901 1
1 152001 1
1 152101 1
1 152201 1
1 152301 1
1 152401 1
1 152501 1
1 152601 1
1 152701 1
1 152801 1
1 152901 1
1 153001 1
1 153101 1
1 153201 1
1 153301 1
1 153401 1
1 153501 1
1 153601 1
1 153701 1
1 153801 1
1 153901 1
1 154001 1
1 154101 1
1 154201 1
1 154301 1
1 154401 1
1 154501 1
1 154601 1
1 154701 1
1 154801 1
1 154901 1
1 155001 1
1 155101 1
1 155201 1
1 155301 1
1 155401 1
1 155501 1
1 155601 1
1 155701 1
1 155801 1
1 155901 1
1 156001 1
1 156101 1
1 156201 1
1 156301 1
1 156401 1
1 156501 1
1 156601 1
1 156701 1
1 156801 1
1 156901 1
1 157001 1
1 157101 1
1 157201 1
1 157301 1
1 157401 1
1 157501 1
1 157601 1
1 157701 1
1 157801 1
1 157901 1
1 158001 1
1 158101 1
1 158201 1
1 158301 1
1 158401 1
1 158501 1
1 158601 1
1 158701 1
1 158801 1
1 158901 1
1 159001 1
1 159101 1
1 159201 1
1 159301 1
1 159401 1
1 159501 1
1 159601 1
1 159701 1
1 159801 1
1 159901 1
1 160001 1
1 160101 1
1 160201 1
1 160301 1
1 160401 1
1 160501 1
1 160601 1
1 160701 1
1 160801 1
1 160901 1
1 161001 1
1 161101 1
1 161201 1
1 161301 1
1 161401 1
1 161501 1
1 161601 1
1 161701 1
1 161801 1
1 161901 1
1 162001 1
1 162101 1
1 162201 1
1 162301 1
1 162401 1
1 162501 1
1 162601 1
1 162701 1
1 162801 1
1 162901 1
1 163001 1
1 163101 1
1 163201 1
1 163301 1
1 163401 1
1 163501 1
1 163601 1
1 163701 1
1 163801 1
1 163901 1
1 164001 1
1 164101 1
1 164201 1
1 164301 1
1 164401 1
1 164501 1
1 164601 1
1 164701 1
1 164801 1
1 164901 1
1 165001 1
1 165101 1
1 165201 1
1 165301 1
1 165401 1
1 165501 1
1 165601 1
1 165701 1
1 165801 1
1 165901 1
1 166001 1
1 166101 1
1 166201 1
1 166301 1
1 166401 1
1 166501 1
1 166601 1
1 166701 1
1 166801 1
1 166901 1
1 167001 1
1 167101 1
1 167201 1
1 167301 1
1 167401 1
1 167501 1
1 167601 1
1 167701 1
1 167801 1
1 167901 1
1 168001 1
1 168101 1
1 168201 1
1 168301 1
1 168401 1
1 168501 1
1 168601 1
1 168701 1
1 168801 1
1 168901 1
1 169001 1
1 169101 1
1 169201 1
1 169301 1
1 169401 1
1 169501 1
1 169601 1
1 169701 1
1 169801 1
1 169901 1
1 170001 1
1 170101 1
1 170201 1
1 170301 1
1 170401 1
1 170501 1
1 170601 1
1 170701 1
1 170801 1
1 170901 1
1 171001 1
1 171101 1
1 171201 1
1 171301 1
1 171401 1
1 171501 1
1 171601 1
1 171701 1
1 171801 1
1 171901 1
1 172001 1
1 172101 1
1 172201 1
1 172301 1
1 172401 1
1 172501 1
1 172601 1
1 172701 1
1 172801 1
1 172901 1
1 173001 1
1 173101 1
1 173201 1
1 173301 1
1 173401 1
1 173501 1
1 173601 1
1 173701 1
1 173801 1
1 173901 1
1 174001 1
1 174101 1
1 174201 1
1 174301 1
1 174401 1
1 174501 1
1 174601 1
1 174701 1
1 174801 1
1 174901 1
1 175001 1
1 175101 1
1 175201 1
1 175301 1
1 175401 1
1 175501 1
1 175601 1
1 175701 1
1 175801 1
1 175901 1
1 176001 1
1 176101 1
1 176201 1
1 176301 1
1 176401 1
1 176501 1
1 176601 1
1 176701 1
1 176801 1
1 176901 1
1 177001 1
1 177101 1
1 177201 1
1 177301 1
1 177401 1
1 177501 1
1 177601 1
1 177701 1
1 177801 1
1 177901 1
1 178001 1
1 178101 1
1 178201 1
1 178301 1
1 178401 1
1 178501 1
1 178601 1
1 178701 1
1 178801 1
1 178901 1
1 179001 1
1 179101 1
1 179201 1
1 179301 1
1 179401 1
1 179501 1
1 179601 1
1 179701 1
1 179801 1
1 179901 1
1 180001 1
1 180101 1
1 180201 1
1 180301 1
1 180401 1
1 180501 1
1 180601 1
1 180701 1
1 180801 1
1 180901 1
1 181001 1
1 181101 1
1 181201 1
1 181301 1
1 181401 1
1 181501 1
1 181601 1
1 181701 1
1 181801 1
1 181901 1
1 182001 1
1 182101 1
1 182201 1
1 182301 1
1 182401 1
1 182501 1
1 182601 1
1 182701 1
1 182801 1
1 182901 1
1 183001 1
1 183101 1
1 183201 1
1 183301 1
1 183401 1
1 183501 1
1 183601 1
1 183701 1
1 183801 1
1 183901 1
1 184001 1
1 184101 1
1 184201 1
1 184301 1
1 184401 1
1 184501 1
1 184601 1
1 184701 1
1 184801 1
1 184901 1
1 185001 1
1 185101 1
1 185201 1
1 185301 1
1 185401 1
1 185501 1
1 185601 1
1 185701 1
1 185801 1
1 185901 1
1 186001 1
1 186101 1
1 186201 1
1 186301 1
1 186401 1
1 186501 1
1 186601 1
1 186701 1
1 186801 1
1 186901 1
1 187001 1
1 187101 1
1 187201 1
1 187301 1
1 187401 1
1 187501 1
1 187601 1
1 187701 1
1 187801 1
1 187901 1
1 188001 1
1 188101 1
1 188201 1
1 188301 1
1 188401 1
1 188501 1
1 188601 1
1 188701 1
1 188801 1
1 188901 1
1 189001 1
1 189101 1
1 189201 1
1 189301 1
1 189401 1
1 189501 1
1 189601 1
1 189701 1
1 189801 1
1 189901 1
1 190001 1
1 190101 1
1 190201 1
1 190301 1
1 190401 1
1 190501 1
1 190601 1
1 190701 1
1 190801 1
1 190901 1
1 191001 1
1 191101 1
1 191201 1
1 191301 1
1 191401 1
1 191501 1
1 191601 1
1 191701 1
1 191801 1
1 191901 1
1 192001 1
1 192101 1
1 192201 1
1 192301 1
1 192401 1
1 192501 1
1 192601 1
1 192701 1
1 192801 1
1 192901 1
1 193001 1
1 193101 1
1 193201 1
1 193301 1
1 193401 1
1 193501 1
1 193601 1
1 193701 1
1 193801 1
1 193901 1
1 194001 1
1 194101 1
1 194201 1
1 194301 1
1 194401 1
1 194501 1
1 194601 1
1 194701 1
1 194801 1
1 194901 1
1 195001 1
1 195101 1
1 195201 1
1 195301 1
1 195401 1
1 195501 1
1 195601 1
1 195701 1
1 195801 1
1 195901 1
1 196001 1
1 196101 1
1 196201 1
1 196301 1
1 196401 1
1 196501 1
1 196601 1
1 196701 1
1 196801 1
1 196901 1
1 197001 1
1 197101 1
1 197201 1
1 197301 1
1 197401 1
1 197501 1
1 197601 1
1 197701 1
1 197801 1
1 197901 1
1 198001 1
1 198101 1
1 198201 1
1 198301 1
1 198401 1
1 198501 1
1 198601 1
1 198701 1
1 198801 1
1 198901 1
1 199001 1
1 199101 1
1 199201 1
1 199301 1
1 199401 1
1 199501 1
1 199601 1
1 199701 1
1 199801 1
1 199901 1
1
100000