200000 20
21470 117385 -334
95048 118578 -567
9 69872 -80
87972 98647 -603
69236 139536 569
48972 147884 -814
102057 197310 400
40638 177620 210
11558 42386 -40
119930 196542 204
29420 165591 -794
96497 142771 798
28879 179330 -778
35216 81992 761
191346 193523 853
131898 193260 -412
60865 97751 363
6038 199943 196
45591 147021 662
107509 139927 77
2000
109969 20864 89846 117068 157033 12642 161526 142200 181926
136516 147030 188718 33668 3145
3618 102554 17518 34393 24429 151118 106090 98418
123203 172655 152048 158228 155435 133972 12402 197695 66801 99560
117584 89721
24143 72538 180257 184872 194438 75213 146961 892 36957
97499 78765 49029
85477 155962 198306 184923 73406 190229 142404
62016 149667 20345 176387 24008
118691 37696 30631 70043 87032 191174 60377 176407 17135 188450
123677 41623 188916 60342
53961 4145 175875 68614 161665 169077
31715 140942 44316 176692 86763 4004 57094 146781 195014 96192
22520 177834
94662 65193
132774 171865 88950
163189 164141 84656 43985 198542
136036 187021 90563 50821 15859 184080 24552
184741 167515 26280 193489 47904 76118 176958 19400 173272
41204 76773 98450 122593 141680 37103 27192 130037 184510
2176 98262 106934 129007 117488 48220 27876 56149 126631
164385 155950 100303 90259 184216 125057 33207
18716 172276 46139 34356 157717 131883 35406
186935 70975 95571 98232 9305 6912
44486 178738 176819 52093 113543
147905 171026 14023 92930
13822 59637 139892 77816 61213
71022 64372 195156 109022
170995 18889 177849 146971 50836 9826 93681 161769 29790
69028 119148 75964 116686 118015 141232
110026 130576 108274 117429 179483 66243 128736 74083 175236 146918
42852 199639 105545
91968 57516 128521 10349 81633 139309 117430 39662 197940
177185 174480 75056 191247 118415 137313 30956 21962 129619
31921 103976 195857 191671 138358 102634 92607 172710 130381
133733 36552 47262 104777 53238 76905 125594 70111 47772 164423
166005
116247 130372 89841 196535 193354 95061 174392 108046 32491 174474
41363 130862 72270 111861 26582 43760
114326 52789
85530 187099 137869 34682 26031 132650 60372
197302 197887 143590 127321
64567 161065 42154 66458 85003
139630 59173 24046 167665 138342
50562 14596 131565 120990 37999 81984 163748 131443 188349
137728 62679 50424 93096 191994 158336
133851 57721 101667 9407 29389 118775 195888
189580 169728 100724 46132 80289 44209 63774 116526
52805 26452 13213
79427 154277 21787 162729 30953 170100 160105
163045 135076 140033 17496 20726 43599 33489 112960
4034
59586 195471 153851 126861
79116 9480 112642 199826 137123 71209 6196 160192
118751 56271 89464 6125 23685 104862 32425 41410 19163 124309
120454 125775 150975 136365 131253 154875
162470 132428 159339 69232
120540 95151 143934 196824 137540 48619 44877 76614 117103 26456
171704 83271 173653 46644 116893 113435 142371 188869 131841
91671 10056 109530 161924
140487 22156 186777 139423 138964
132972 56213
8728 88294 168270 24002 59961 170391 102602
184016 156835 186317 165758 145395 69715 186228 25569 27363
14160 112246 129185 53203 113433 192324 193691
124950 113073 49279 14655 38107
161187 170032 47712 72708 198409 172786 111711 109938 137462 185528
162673 182155
146247
95172 137002 134412 76935 8818 123768 42122 176810 32384 96735
31862 82602 155824 141399 65790 29950 193964 168365 38349
84197 22506 160184 98938 105305
197208 175535 99940 68464 36699 74674 179124 16968 186844 93232
188904
88476 82689
131779 63331 176492 95260 157892
14860 155551 38661 82816
88242 26191 124810 171943 105486 73144 49854 90168 62002 178244
164839 90370 36194 187847 184659
13065 103866 110245 151039 107768 45586 42889
89452 59708
18201 15281 182847 129728 42924 192229
30596 120738 38920 108573 97171 143432 193252
111997 20041 41688
31082 1721 104634 27186
153715 190375 1317 25923
115406 19594 104025 138473 86142
163385
106198 136531 177020 81912 34410 68767 75013 98465 152696
61300 197625 122545
36542 153336 81132 72380 166523 33790 73998 79044 57158
66092
6353
184118 60035 78656 85968 197057 189243 41454 173708 23758 70223
90422
186468 75281 81027 94807 152303 59304 188770 195518 735
68192
39009 24680 143323
52465 103717 184405 47935 77095 120982 111580 182158
147289 128590 35928 34663 7465 108000 51781 58333 53825
152027 15253 174957 67667 130650
158642 155745 113340 47046 17301
40967 63842 156654
110849 122073 145375 1986 6007 116537 71844 54294
72025 136616 185301 70772 174917 136376 96243 170734 131146 181937
148859 142227 123413 174125 174951 44793
110669 186340 152209 149815 87585
38470 147251 173443 175168 178230 198589 97760 61873 146883 168814
102050 3724
25266 175380 135072 125708 38184 167989 89037 116322
190008 97074 159831 193761 131336 144868 52118 4718 146898
53080 126380 193353 40806
184512 119075 196594 122931 118980 75632
24666 124899 128967 133607 180707
45542 181525 64551 191102 81284 58323 194200 77491 36867 118319
33278 145240 88221 70953 69234 113751
37780 150621 15351 112243 51500 193705 48384
120096 144520
95237 37 65017
109520 54661 165740
20920 153141 136306 182393 138732 116367
91078 21601 27057 28203 129725 60245 52630
102401 194515 33838
6156 145857 31918 72010 119948 148760 116844
139996 134073 174536 190942 2127 193587 116249 51109 70726 39530
120703 23438 184248 140354 165083 176957 88690
17013 177081 179310 157690 97906 61361 131524
9730 146679 26264
41164 24146 32526 133467 70702 45044 164727 82579 68515
124289 137266 133494
157368 186533 184113 38096 130637 118702 18189 29554 169831 97213
298 57021 171376 66706 19877 103811 187732 132092 52888 189301
128859 138665 127966 183430 96888 10978 193368 120775
171731 140964 192756 18929
170003 18095 43287 173818
173259 24128
30393 115981
127547 145620 134857 9952 198788 14133 71468 174262
164950 32775 167824 49259 53310 191415
139916 22503 52464 115493 37489
147213 60952 4292 83870 108229 140947 92893 36842 179670 140516
18883
66600 45181 18580 20571 46769
186121 158429 34904 167743 88689 197155 106971 45738 38706 105997
100734 80507 40342 190760 158868 142516 158290
95426 42001 72597 16813 112538
103935 25608 176243 110272 28868 27174 28188 149263 161955
182677 9234 129497 23460 90011 128649 105026
119899 110933 97006 9239
18839 167600 197030 181750 61284 188559 12304 176744 78979 17525
150992 48707 198108 44874 3329 79978 81721 112109
28644
97651
198742 162621 37289 95085 176026
21809 115188 187841 77211 80720 91519 130894 139376 115277 148478
172203 31821 111469
31868 146815 91935 24054 21070 135752
86702 25965 122233 92152 44735
75250 129962 139849 187141 35176 183960 147031 61605 135135 120544
75608
97418 194189 21479 104328 74915 65165 95658
159099 109287 25186 60284 52734
63113 117208 172970 42234 79005 64564 121359
184047 177654 15328 160759 9172 194293 43123 36271
108039 126315 102797 35166 80511 146853
114917 94718 72723 9398 156728 26070 38010 111683
158813 170281 194361 122991 7399 38775
105958 27505 127770 91080 195722 11941 133228 197154 63232
97100 94044 188419 29254 132630 68462 160453 172127
83415 43986 190569 131194 77460 132272 28372 39416 51195
48831 13246 55089 2643 76481 171494 111144 17245 172527
54589 48517 23182 137160 16902 32803 117771 181893 142505
42601 43723 111630 166783 56782 167669
50429 105544 150826 153641 108564 189645 95200 37240
15470
136820 30952 79881 6734 98948 34307 194266
120815 56196 21203 184137 150459 199780 132135 66899 121096
34419 15140 196482 129958 114375 51672
143258 50427
131881 168010 187170 183651 147526 94542 57335
99586 192995 53067 171287 89170 90362 195661 179397 138345
160387
60893 66699 99396 199455 72137 34607 137395 53322 145559 103478
170049 44425 32225 64860 37042 117238 112192 176179 89412
111523 142162 58609 66375 21978 109730 83563 158190 32411 188381
55985 167104 78647 159170 81728 149141 145945 104666 98500 164108
169551 190927 90460
102738 45135 55653 131650
162506 8996 67685 9293 28117 151954 137046 18949
41112 44996 175962 69140 158973 160691 78217 165325 159291
13988 133884 70981 149295 169939 137857 119107 121005 109610 111905
180179 7323
160233 86794 15029
196562 126126 61693 5889
182121 20807 161401 126726 59303 120732 91 64418 102049
191064 7776
64151 165709
199017 61053 60195 47885 128655 22269 84175
43308 188873 177497 42889 152541 83544 66877 20522 48600 85517
100794 116718 147168 20551 78547 142605 3479
82891 145542 30971 178029
5416 184480 36189 196994 86961 44502 172614 68576 115832
122859
80540 66860
83222 141772 36261 108225 22489
193444 1230 55696 39769
176690
34328 194343 76239 106952 90441
183394 111990
32209 136566
85951 47892 182201 191263 170670 5634 83151 104833 156621
185885 28329 52103
199595 20117 87953 146973 4322 34304 133535 84082 120521 32524
119987 59810 2845 86417 80204 190455
164145
181840 36016 88019 102275 180882 126789 60208 184951 95299 27605
175629 36034 24696 160437 45196 63222 107264 112971 34994 59994
82927 159622
112840 122
165950 14673 30393 158131 153668 139547 198969 36423
18439 158461 182944 78337
55853
75677 48399 102243 100345 109281 78885 86152 1091 62426
116599 139753 77295 24298 121680
157336 3333 44785
21292 2848
9272 35653 89649 88034 101175 166907 41454
121761 107336
94509 13134 139641 116463 45355 194483
192991 146619
125775 172071
170267 193201 4411
58057 117303 31747 11973 84587 182348 104354
164699 79812 145566 119770 157649 191801 119566
172893 56506 80256 61660 132706 186766
47639 44175 152362
97341 54997 172125 20745 15224
115352 97154 70230 32540
52281 93251 178283 37709 115469 127233 16311 191535 59382 187706
189929 39737 66842 180113 167911 100362 8197 117793 117964 169872
111064 87483 183420 13548 180085 97316 83869
154148 68495 95826 183313 53766 177684 172902 59200 44790
4668 37685 122040 28060 69688 31303
144759
28552 50215 31429 195439 153751 11663 99023 152679
143102
146025
32427 164097 87849 64062 111524 33727 73459 183004 75728 43410
61140 109320 38643
33601 70670 28574 198618 11686 127183 122453 35342 108641
41069 8096 128544 55971 159741 191222 132422 8642 157146 9908
74315 170005 7635 125837
194681 81295 68480 41838 47331 127739 94053
46301 119451 165268 78547 22036
144742 76619 30036 87140 173050 81879 111035 195639 134831 119941
81940 52528 58797 27670 165996
99909 159213 128736 73613 198227
129223 54173 158957 199539 181227 198797 110576 14984 127371
99922 117632 60859 155928 188002 14724 104474 101007
27500 126250 199153 102278 79448 188555 146059
156337 186409 83443 102996 109346 46795 44929 147371 189020 94611
115896 73580
4712 116579 166878 116289 111629 138241 172235
36597 95926 196057 176161 98642 172650 146796 85896 95313
119313 121994
131269 104038 33518 55924 97437 85217 198930 61223 97758 164815
61379 4182 143510 12814 32646 73153 101492
57375
149743 168331 77205 128156
108580 57334
8205 104849 126205 81698 27485 91357 195943 196801 15696
110362 29713 127585 133043 49144 124348 10970
84521 538
21675 117853 104558 149321 47669
193897 123164 45058
77251 86117 7879 194725 133135 58504 181810 167209 131039 146456
157022 113527 45833 75225 89147 137941 6466 54858
193269 172165 70922 119749 137531 125527 102491 157397
190083 83864 183673 192640 175699 40021 88814
57024 48527 175412 128868 59764 43513
68050
68718 93792 65650 33132
133859 173700
140746 55006 33755 194360 52277 5251 132346 105194 127078
183313 182029 42236 158707 52886
190168 142666 89224 167758 184942 179418 89473 137978 76679 129532
127027 40911 25882 107639 137065 101268 186663 16467 135267 33168
97303 82124 56630 126656 104791
168713 92771 164168 62265 184086
107945 12817 129703 48770
135887 76526 190277 74892 8521 103605
29191
165412 164493 35906
182864
1469
132722 52539
68405 57764
180012 45630 149042 148464 77167 24678 170661 29526 126200
46990 141663 72943 125313
122271 17057 140051 17641 194327 99779 104634 169319 146069 117322
28904
191793 144712 54453 163429 55207 186619 70886 186340 186640 88485
154278 110647 49713 92187 46951 175312 159046
83359 195760 100575 21330 72306 181443 135301 137205 21523
166768 51676 168233 89229 11172 197142 93006 67542
29730
76952
18002 49159 140408 106913
184821 20140 44955 198125
135584 24552 65679 142396 70799 26378 14914 168064 192312 173455
56604 155829 110472 80089 171988 102665 165111 192467 109697
71400 107280 785
199674 73681 61793
68928 55926 164806 114467 163757 167876 138937
166991 64764 43675 128773 107519 165105 176921 132959
66410 39167
58562 27517
5034 119821 49262 108938 143562 47927 188247 98142 88058 177919
132024
85468 29621
31185 130695 140856 29926 157871 132071
96798 129419 66224 37616 130 136781 130200 183465
4122 25852
179961
149042 175564
162045 135635 3763 169149 113963
152263 194791 24406 198440 59532 25366 10750 160782
56203
61910 69476
25645 83780 18129 131188 105157 65871 50121 7416 12694
156821 98941 111515
191672 11258 7683
48395 106674 113000 136661 8393 31098 156887 158515 134105
104821 15627 29678 133302 101607 68870 138867 35282 31218 54960
50910 114461 49344 702
185515 77301 91677 78862 14059 124949 136027
62407 49965 180560 124114 173078 102247 63894
197393 55442 197688 64904 182151 105085 10960 40344
125107 140931
8278 139715 183791 131520
126767 120666 6567 19445 184814
138339 86181 90888 37327
101077 145311 109049 61752 15601 43064 91547
190316 52593 65624 177399 75121 127049 114328 124068
55967 108797 41386 5852
18513 138860 126482 38553 165127 106 11875 55361 164582
62975 28956 167215 46806 196948 14135
136004 85404 45450 69143 24229 105026 78868 149826 65745 153334
90805 19108 12895 20672 8779
197738 51720 186430 191561 124507 122115 172709
71832 171377 31024 20444 30374 158895
134698
74424
83721 18436
25440 33217 70799 18153
116352 159416 42017 185582 58482 47195 156971 10609 194693
147026
65017
39250 67286 82632
77304 120336
85618 145869 121627 85869 76991
157231 172174 117714
15564 84335
64068
2154 68418 55605 156814 29863 98848
97228 10655 57637
27734 193440 84357 148446 67374
112644
180957 126587 8200 187009 134295 43108 180969
155022 99274 177372
106398 72857 27466 91178 156914 171383
80156 133460 121800 133171
51790
42265 188946 109846 97138 42516 140790 129044 33782 78023 120029
122572 67777 118101 179128 171579 53099 8768
131445 170973 134685 57468 147656 64588 119292 194947 131082
124880 191585 149554 133089
63467 169166
85260 193625 114615 113320 157501 61486 147710 183938 143253 199717
170626 146095 47157 75638
174156 199648 102266 125118 187685 191595 59598 91362
65346 750 49441 179609
123697 138398 56976 192718 123575 160862 60222 152513
69191 93515 175336 75178 49149 34100 82871 120900 148891 15818
87186 20993 97867 10688 136126 97527 141157 170003 191374
169552
129479 78718 4794 65722 54899 74825 15134 110555 34819
100117 58209
4399
117510 95214 93679 13477 158016 132092
64366 10765 19118 190998 80832 173579 160188
156215 3933 162831 120127 174682
125512 114967 35866 57439 142875 29386 145856
57742 2299 151609 159344 145952 178612
140828 10004 195947 126006 61004 51141 144997
144140 138692 62985 151674 111580 71601 27765 26260 140277
114262 93197 44201 155388 198615 185885
139680 25074 169964 53059 153309 72252
36123 56381 83573 30153 165802 33777 31671 19269 181662
147674 172381 79959
181694 195368
18613
91002 123215 2993 149808 56774 13782 32276 42245
35915
71746 97374 44348 120509 24645 190345 58978 23815 63602
139110 155348 79186
6377 69864 89721 169833 189224 195698 14290 97717
27492 21826 199447 9432 163467
178569 174913 128325 187299
185101
81874 126021 174708 16527
131439 91898 171891
95870 91035 171837 149755 51936 56777
39967 179052 181091 165843 198644 22766
20446 141819 164296 154593 33659 90469 191937
135320 132367 83857 42251 118476
404 75574 127636 88485 160748 141439 144149 165029 61339
11990 22435
76300 191960 178149 170335
63333 144083 132625 26299 4095 73462 131498
97970 134812 26278 64649 174457 194380 150512 188435 133576
170992 13223 99377 20128 109921 20934 61374 61311 147337 126341
180418 75799 113267 147471 80254
61527
157319 98109 147650
198605 106636 110291 30660
107508 116260 170896 5466 188109
117177 45263
29406 50081 45009 54413 119300
29546 79885
3924 134292 181485 22874 70336 63152 13112 90899 154617 10125
113632 36831 25341 177059 165807 7482 42597
134942 138917 42433 192251 59096 29305 100759 108561
61620 116108 34312
45857 174000 72997 34972 17870 143333 197249 26178 125815 5308
114622 90063 2315 23431 113602 51177 90206 153598 186293
154692
83342 24169 165433 411 133628 113601
79908 82549 116776 44316
182547 157153 31934 152529 193972 112506 183431 97788 6757 167676
21891 126449 27971
12342 172735 80827 138567
108523
107173 88921 131498 59279 80232
162370 45481 86672 199037 136245 76992 184052 14645 128987
57707 189384 184538 6660 43935
48548 20541 56292 5656 180370
75147 106422 22530
42442 49541 132532 68490 191123 196457
122369 52020
168251 111212
43251 117101 176723 122304 176998 20692 87231
120895 5854 44789 2618 48641
70059 36383 171563 31331 37957 137629 34023 12859 174783
65225 16122 57813 59469 175971 80163 37034
65134 136879 128373 184658 9900 167158
103124 188634 14621 189708 113814 10922 151364 158164 81844 188580
38141 116942 27832 122421 26491 153401 160590 193102
159512 157511 86643 483 58528 114684 107002
32036 193210 47672 112411 178916 178861 4444 159839 81789
127830 28724 34484
88601 58704 34318 105250 85774 126968 170866 119246
36947 11233
162628 123456 96330 112691 69061 71916 171908
163752 67924 125514 104137
158565 196959 12015 35132 37583 70704 92693 38968 55457 100313
136671 189175 140861 80517 58900 194214 181096 152159
44842 56872
120154 78443 189768
166913 31105 142173 197557 76236 136847 5414 89285 112425
115779 133556 60095 284 151850 78188
196909 173918 18087 42899 40026 46780 31237 102518 19894
68700 2798 140180 6713 129753 40620 56203 183617 186324
34119 64097
196148 148787 130290
53015 81525 192438 84142 1371 85676 106922 116791
125953 32292 123488 95892 62084 108614 155143 76809
97168 122047 153398 114836 95339 101422
164866 12008 157699 124563 143904 166168 160438 32967
169735 18968 174677 147168 160919
23259 7237
126496 173569 83444 29255 132874 198395 166993 108740
183120 168638 71253
123517 9127 1465 84682
177930 109301 37656 53939 16264 121870
22255 73750 168373 136812
123199 142507 189096 110731 193008 160249 41059 105768
1975 20045 190023 136052
157784 46226
195649 167251 154444 187161 117351 193633 157677 161716 160270
158408 188081 34369 56754
177314 190771 136499 132599 60433 115834 70683 2908 107420 95486
144766
36683 12453 2562 196645 163312 53404 88370 139987 165211 49229
89858 148651 47549 186888 13531 186365
117984 46174 995
75658 126771 184765 80757 45694
137181 107980 130497 42148 149419 151638 68163 76337
156684 142353
14194 64874 182051 116793 150116 181891 112898 149566 84274
193271 145094 42134 12503 61795 75634 183531 41466 167067 57962
14378 168718 110815 124862 85397 158969 134384 148327 53138
15048 26221 40767 133311 119257 7329 164769
53580 98844 41797 25605 110425 95355 56391 152007 44217
90925 177380 125006 23792 195511 88620
78620 158302 5461 14079 106814
73811 41818 80718
165544 26573 178222 34329 191802 8205 125267 5567 63374
93514 36081
184491
148540 87615 4903 150612 42149
142238 190723 8615
105324 102669 2275
23659 107381 126905 84811 67808 138806
156243 78377 155158
113980 134626 12133 174562 106604 196279 199521 52505 126030 177240
192686 108177 125632 9445 144440 56922 53870 173100 19418
197453 145912 92860 12835 162814 108728
109964 142178 126395 55053 196661 34807 97837 107334 173382 111314
181781 21871 104998 43551 169437
74785 133438 123879 1028 49579 120006 41791
29015 76796 173844 76015 138188 107104 22061 80922 25523 90136
119337 155183 69700 39038 97437 159871 46691 58327
10516 53723 149773 84979
179767 111901 61659 95856
57612
107124 73939 24972 45010 2670 29645 112216 145399 121026 177495
168110 61245 164345 84155 171930 106218 160788 79966
32750 59429 4212 148661 186645 5979 103616 18573 175933 190403
39395 87225 152813 55359 193147
109243 74578
68982 49943
150165 177694
76075 1044 54807
190388 49854 51536 43966
96003 21720 11494 38978
23607 143676 165968 144451 162228 62909 151382 141253
180656 10339 146387 102760 139364 185767 82157 159730 23215
72994
130305 102171 199250 47776 5431 149662 17677 97171 89517
150916
56167 41718 176806 53154 26545 162866
101609 29223 6765
164825 163092 72462
70671 183020 15875 113944 158641 180675 170129 39316 186052
106693 139742 10021 34137 105748 197352 135392 53143 90539
122308 192392 88364 55998 141872 177249 168096 187227
90535 9308 157659 123746 144203 146329 192086 69212 52376 92299
162204 155875 161086 171510 173234 16391 67848 1496 133485 144315
144508 196961 191748 62977 111541 148773 99610 34390
138787 81197 151902 58717 15109 51309 16930 196773 54211 100100
97913 150548 14366 170537 150573 188891 10812
89652 42973 176615 18027 35584 67904
28386 187522 98200 125790 84728 50233 87565 51266 25508 96818
129534 82091 168801 47871 112662 110570 94696 5062
48505 105295 24084 35891
25879 116288 87848 1128 91287 113304 50219 137535
106901 140732 5162 64090 69348 111910 46391 31905
38401
16666
168279 158171 51119 26277 66411 16276 177057 111770 149927
187182 3259 41926 118122 21437 104037 134612 24785
62978 85626
174526 51518 21004 147906 169186 27245 13291 57902 25608
77315 66759 199971 36604 110986 26724 57965 52572 45679 134157
156240
114127 115431 156345 6923 16106 163751 116783
76690 9446
155428
184840 116942
39945 60288 52999 115007 10077 123602 86300 160513 159253
139925
59432 91932 79985 101804 70611 61359 177250 137518 173201
24902 82821 145293
57484 122809 66450
28639 51523 119087 137914 175139 142812 143767 160755
196073 27326 136069 89385 191188 61351 188988 105327
31348 174698 125183
120730 194469 91930 1464 168460 78025 194273 82559 125775 123483
18994 170264 51892 182486 55900 185044 93430 106329 152657
166665 18682 2369 56775 165657 176690 176784
32917 1860 24996 163292 6997 165562
184784
85373 106782 54190 121490 92589 183289 16283 44487 109034 53612
167441
148751 19253 173773 183846
138198 104606 125044 121653 176670 193227 88820
67715 5812 60250 198423 36176 129321 116810 44162 42612 167061
133000 159166 109776 144516 69758 30064 27684 165818 88264 65533
162148 60459
37316 34689
49882 93072
68547 78512 13971 128908 129301 120861 3935 62772 181986 178119
94436 66551 129867 397 129784 178001 185288 3152
27659 59856 190613 119254 162078 119801 178339 39677 19920 95113
159823 108357 111709
87332 82961 160058 68725
47568 83784 26907 70059 51013 1093
159003 42349 59738 122319 163408 46241 101126 156565
195686 32387 79194 5458 98410 77706 111957 3470
159257 130024 125194 84100 126505 143649 50027 42349 33826
153205 156150 20229 44600 55100 63608
121766 108158 104451 11119 11537 6743 159240 160908
120062 160323 67369 48870 32298 27615 46236 34124 156251
30657 59411 71723 79367 166843 155943
175385 90592 9613 198627 81025
149971
90286 91891 34576 172060 20237 147087
18846 108041 92582 60172 19258 52630 113137 71540
59133
81180
185675 134109 198356 195592 30775 1432
120981 19033 70193
183574 96628 93169 185802 158593 3564
47917 182665 15852 109863 24729 189135 173197 21636 90795
16419 113975 109588 20527 139690 102633
84914 148246 100723
194421 169268 199193 66173 58992 150531 169462 78509
126133
146666 95972 57992
135290 41835
120306 168186 152033 7507 143058 120094
64053 7176 96265 103725 61074 138657 85723 56051 10459
118168 152747 75352
106480
74193 70288 166811
198152 196375 50737 195894
86953 3445 55259 122718
17168 150743 179551 153219 65292 3946
192373 69343
199173 119407 35934 163806 47623 62737 157312
153536
172547
102234 197846 90305 53118 58542 134855
189029 131798 4258 28471 153788 159615 190725
70220 141697 52883 13602 181626
171977 115534 14424 42648 67401 156686 118803 65900 119023 3529
193824 1813 156027 51288 158879
164480 18285
122137
154292 193038 129583 85775
130226 92626 76014 21158 100944 141446 194588 98616
35472 70465 19141 9712 22950 199197
177832 149423 149277
77063 117195
47792 53430 160420 55415 127931 199536 159323 71622
194538 152336 116276 195759 196886 88640 5961 142978 98077
20784 35352
44026 114914 33087 77848
42663 146310 39928 163808 117762 191451 110486
127619 153962 138201 92410 191178
184734 101213 193457 53928 24032 16122 102711 17869
179529 1558 27910
43611 71408
132417 9066 136344 168192 141903 173720 185742 125014
105894 31273 76111 142724
49287 169859 96548 155087 166124 183175 82300 144669 129359
11684 173665
129580 110683 93639 34576
150081 106693 197648 191328 172665 61998
83512 16382
189115 60357 59705 130950
195044 130529 57343
5339 144386
6631 129805
177031 103411 72585 75958 186480 83887
171991 76003
149972 70408 117950 85594 172121 177198 73363 193729 177745 197930
45604 84302 9961 112269 191579
20916 28191 49557 86347 176822
131798
119138 69506 65050 108467 160936 64905 2321
88493 133873 15867 21480 184964 179514 35473 64271 62969
6122 65032 148123 154370 152082 30162 32811 46532 130697 57814
119722 15988
31972 196801 167270 104600 16931 176016 114411 56573 42670
121254 112327 36233 158938 128537 185152 178384 52243 152730
73694
125562 93658 164655
152711
39803 36725
159890 139308 119765 112887
82972 36419 19053 191785 84428 123507 179900 152573 57461
152418
55043 161825
41491 53252 19193 109293 85505 112364 135778 117640 63807 92671
25537 13745 73928
110831 3537 36843 25565 34838 107227 31183 189360 87451 35700
180625 79262 27128 85467 38443 82730
79382 45610 184018 184065 141289 46254 148817 183236
112675 8283 66557 147147 77780 118714 92308 55193 92609 37733
178555 150040 179437 17143
2026 92601 29863 144892 153163 99504 189521 131388 161182 13588
88749 87849 43101 163608 75776 123673 27758 43619 152424 167447
108422
117950 83672 12477 126091 136877 13587 57059 173116 16080 189806
90003
14763 130862 89376 55855 175430 32931 37458 158973
162558 152280 63953 6748 77070 26912
155610 35089 25867 98168 131869
79167 178517 42866 179028 183875
136864 3629
111218 176995 101909 136879
194681 39666 33406
181460 69163
161276 119416 125380 63004 195854 85597 111036
82645 193131 118386 55195 184676
91337 171484 57011
187906 198262 110475
90835 18872 179052 18858 20977 133352
35633 126662
26082 150016
22143 151729 62460 184994 59647 142714 51842
98847 9442 62510 167946 62776 26781 90797
25048 169346 111502 37927 17840 159595 145891 32564 117001 114257
195473 7186 174209 57159
188795 127022 120918 42236 37831 11005 169538 197619 124122
17245 126057 112849 177244 50744 27689 142736 188034
93984 123695 158298 180350
179330 95967 42790 78382
63308 78369
22140 196822 87938
35823 72170 96459 42131 120515 95842 141934
198977
80084
74778 12108
116954
105493 1861 171372 175889 165891 98968 31917 161132 109377 69451
54760 10638 77977
82421 185645 84390
50097 170343 170889 186941
135041 4722
63388
37166 33725 87207 150734 133167 85456
137229 152048 164094 193424 1777
67376 101930 126726
192832 9811
188679
156295 6510 152097 105723 101661 159728 42054 9210
46495 22691 7661 11805 178647 25951 15663 187178 54804 103496
42331 131793 12881 140290 43507 130017 6998 168471 118007 101876
24816 198590 29160 59504
58847 40725 62604 147463 138958 17346 145884 133222
175967 84481 163498 42725 51015
165211 190669 72817 87257 90008
136182 78080 185924 149737 186390 111696 48802
190389 152057 114672 81853 11885 6291 90979
169063 26385
139671 79744 38286 25302 37173 5211 46138 19005 189488
92639 48463 198288 97373 94041 85191
5679
173481 29094 106798 111971 170753 98033
171931 139005 32498 9971 78657
192660
78966 143437 54106
106743 191655 58940 140138 32626 73527 49561 147378
176848 42180 134547 72181 66352 79788 67425 135387 28417
103908 29502 93425 122292 7365 82801 161738 99400 68490
36795
78002 76970 18727 96113 140774 196364 16467
44451 60767 60933 44463
149910 83668 29105 61976 7333 84293
173055 109791 11320 39572 130983 166740 63250 16522
177019
186857 49309 156963
168588 94170 170754 1990 114584
99070 176950 9692 39125 141271 87850 32818 123754 131247
78189 141627 172730 101600 36720 49261 94478 13514 64170
130687 44665 110961 89524
110025 133292 36757 101268 79756 96896 94046 183264 87623
8706 158202 55525 144265 109880 78046 147328
189242 158240 37967 150281
199236 163022 26807
119379 114965
145608 186725 4053 58508 5700 71493 157800 71448 78220
63541 62995
169495 55291 9949 475 70955 5897
166508 11350 198233 105782 187080 73685
20464 187904 134283 182834 166692 31505 33653 55355
22596 22264 81173 69788 94067 163699 87889 143197
19833 153998 40413 163744 172037
173741 116770 123862 177524 68209 167592
161558 145879 132050 91680 196238 105694
92866 165678 61227 33688 94984 149722 125455 3343 16614 104942
26998 65809 129675
16082 28847
54538 153357
13760 46879
150935 87392 45158 29174
3297 30520 170228 185899
53813 167420 119252
161177 191191 144657 98268 113669 72875 196727 141259 156596 192489
126373 8115 14732 187284 68599 102693
143572 3904 44654 93518 93422 95377 65666 95468 144680
82953 63407 67481 137735
34901 12779 66286 72174 150402 110238 178822
99795 126647 160718 111871 166827 133003 135796 60310 155881 29778
74874 163143
51430 185284 97739 63257 152777 172331 91245
79669 75996 144280 48983
161696 96966 13569 32471 197063
116198 176995 9993 154883 37819 17284 195897 79161 134156
47621 106259 35514 26553
40402 128570 17249 22903
54525
40228 61740 176959
140736 27372 77284 122885 16070
86090 8625 175183 122147
13056 19170 39811
17218 101486 40041 127814 75836 5606 35553 179911 111335
112488 89159 144549 48492 43777 182880 13165 39835
159555 142466 172755 100575
26390 42917 188177 37645 24232 98768 87313 4923
56654 61955 143571
148342 113420 52611 158582
187502 24420
23894 133131 57063 192989
66232
110263 194406 9322 147509 28873 84823 3663 114509 89700
43434 180893 129528 180716 50808 59361 64532 169905 97768
72101 170822 96029 64913 188618 146265 33031
127395 33035
129996
147033 137366 120720 50947 177450 37411 25667 107923 58038 146653
2127 4528 110437 172734 97085 138082
41048 191872
20591 3239 47273 89363 145964 31563 180859 58881 149564 18450
109131
134916 135394 116001
181569
40764 190173 100932 154262 150752 83201 190516
146891 13542 32490 51826 6294 170180 168852 145299
164176 35268 187978 116177 172862
14671 142209 162787 172832 145873 108124 19711 53791 90157
54356
77781 99138 189876 130335 182965 104277 83503
112912 10604 65337 57294 41742 103233 94540 22777 9576 142744
77732 47195 141150 97047 122498 184733 47180 154064
94894 107247 114213 171075 6984
31902 1122 135913 86672 184831
146672 166912 92530 96722 166455
64383 198250 179406 196174 107046 67213 156417 148084
107772 103828 41270 111970
41808 52011 176311 121894 184706 44711 100759
67779
76579 93658 64008
36255 21993 80265 90434 189566
42207 70771 153930
142372 118150 88344 71152
5203 17202 124958 103100
180174 79620 114136 15642 51629
10639 197267 188791 115826 169398 187986 194915
27895 110606 153747 10766 79627 73157 18346 116715
37313 182340 4813 1731 168040 190573 1119
168178 150087 83429 147460 77007 67429
65547 75053 182790 70108 42180 102432
137477 79777 39540 129358 93821 128678
77521 55878 157602 17387
175490 172994 104394 113270 129350
119110 136114 71565 25685 37578
27941 80818 93171 30695
143473 15193 5843 98315 159840 11757 28481
129404 42739
21687 44870 168465 45473 142634
138255 121521 16040 71849
166965 17524 7713 77499 62186 107499 18910 127248
85638
69256 111835 96170 100073 196542 199247 77748 92335 52839
40854
180596 133070 5604 34630 48120 67187 168900
52937 96440 53303 121549 196507 73637 61249 76492 168738
77015 84840 113101 108838 89954 91540 194824 65083
162155 182578 90472 71086
131973 72351 111367 77121 97039 31874
41736 194709 73419 65774 53082 169896 174878 18496
80714 134852 148079 167696
161537 117873 79165
166169 58371 57303 11918 157953 15752
32915 128208 42602 173930 190941 195504
153226 86524 109823 23961 136384 160511 116406 121728 52188
135014 6537 20786 30115 127500 160722
96049 104197 88531 23227 162200
149348
141601 57412 21120 198484 153269 115645 155563 49638
196666 100883 48649 71351 148601 164246 145103 67151 123017
734 46551 118566
110622 47723 165988 144149 152958 76336 42285 66661 175354
12284 162993 25963 114476 187441 7766 26988 165062
167097 94004 127696 141100 43069 41279 153707 69281
101910 56209 81650 122051 49978 49700 114617
68669
97963 49557 163143 110193 190353 68893 28205 100745 146730 96598
91709 157972 139372 191061 8700 170065 158879 176405 109835
62160 107394 15146 2612 67971 5284 6863 114030
176084 12129 119485 66718 110546
67126 77629 153780 80330 28810 109414 142308 7724
133210 106457 9703 71188 113554 177418
20126 35675
162079 182234 71601 12522 133860 55846 97145 157040
79103 158761 129824 153558
14067 87829 169318 3218 166696 129428 107525 159425
175804 110586 16776 74519 75528 74841
166324 182138
117592 88936 123086
127199 87330 32563 190846 38998 66009
1499
176932 118847 166044 172942
73702
192439 169239 13322 133319 180958 76307 189410 141730
105134 59711 172706 180473 108552 90572 55520
135434 89741 103284 147496 89792 43902
43523 147870 69812 49496 121066 18916 106114 13646
99362
106637 159594 86528
78331 138309 125517 98983 134487 69045 116753 31623 41845 1583
60506 161819 45847 85274 196362 34353
166903 48311 72667
90972 97009 157682 30220 62941 103715 79930 95632 199118 150196
121085 169154 129818 69051 7895
193663 107071 85781 32222 86155 143435 32237
173236 137371 72815 124623
117161 153108 73707 65678 43137 73221 73234 157533 153481 184718
71673 102305
149435 163019
18832 175720 166624 132095 4597 66979
148264 165741 18759 1050 117677 24751 162589
131290 171133 192096 79857 9869 182837 178736
22091 154292 141463 167368 100746 102097 124268
51939 16242 1064 59309 195664
179532 23052
191869 91928
171547 30868 27144 34283 19312 150261 54693 179613 185092
355 146873 33035 25455 113204 190789
119902 195389 134149 174441 106923 138866 186994 29471
47849 120591 115109 39221 15824 64303 108788 175503
43953 78569 19867 28499 62000 108820 91273 104462 117261 59369
156117 109597 24858 57374
8985 115598 86014 123861 82870 115374 46821 78837
97070 172743
133148 53495 41370 106067 165717 71342 193116 16679 39882 84
186213 57227 196514 137908 97319 115806 150131 180820
22251 73263 108987
105627 186801 54442
39177 127180 79440 35495
12063 75976 104318 34598 97318 102919 109308 82006 34314 110890
114808 142770 166475 30497 96221 54468 8694
172483 47838
42276 199923 71850 198999
197596 45644 51363 165228 185881 19597 66326 1737 48453
159539 137036 88222 157031 103196 108478
39636 177312
128985 161079 184808 108889 80908 39213 66890 123697 199526 115606
38289 7261 86102
56854
168461 7067 32642 51892 198507 131515 43000 71006 124500 123286
19252 158715
152726 133405 49017 111509
5164 51558 155351 153018 182719 187622 61327
71256 179521 117394 12124 118093 35889 70781 27022 78161 138748
38785
22255 194189 106651 158228 81292
30179 198644 23743 124152 102155 138718 26601 94766 73426
118842 190471 145878 183147
130379 101977 196502 36569 154104 148477 124999 120911 162707
131191 137624 64706 3113 45122 126297 17717
5739 46582 179687 55849 177015 149933 124851 29308
75782 168539 75873 56077 49164 160506 137923 85575 94787 16628
148672 10678
93538 30789 119746 35456 75345 172028 190810 52619 10967
125950 33946 121957 53685 155453 17237 69230 89778 63058
118787 56997 65126 15804 43555 189701 97823 41008 140558
93518 21949 131661 154178 68525 168543 78958
192161 190760 27318
83652
151305 47429 67139 75176 93435 130341
141407 69584 4577 122660
16876 155449 116232 50432 5536 124172
144210 76252 52838 60412 29003 27585
177842 103553 77474 13160 159646 122415
107140 197617 22649 102740 189404
83273 125885 96613 46033
161771 178340 78172 130254 121328 127540 161603
49842
183499 155385 67589 177407 95904
158563
176058 191906 192100 143556 189767 137679 129150 73739
92627 72310 50275
53751
103121
183670 8605 140466 15669 28325 164027
64362 103482 134803 140087
97896 89626 47742 13686 103198 164891 122234 15180 6943
51881 117084 52090 1241 30968 118299 42086 117968
151495 40566 185309 77712 10668 32323 134210 139661 59636
60636 178260 185440 19071 106666 144678 107676 45874
104649 63736 197399 147248 157595 42820
199915 174703 11163 41247
68901 140475 191644 147353 56500 86473 19973 44349 70502 129665
70245 178776
75105 70545
145036 55692 161641 98619 5140 16011 113546 43460 22238
167808 180149 115327 160437 54594 25413
46047
153587 11276 178717 117142 166765
24164 187352 103253 101940 22744 167484 7763
91274 75010 155246 86223 181636 69176
50011 15131 14141 145430 112269
45572 47979 26949 177865 168105 119562 10220 154787
168380
2211 145857 119709 108557 104474 19261 169653 172402 133296 88750
137486
68331 146422 26214 120517 193059 22031
141344 163970 30287 24727
28597 4562 17409 178598 57130 174732
144517 96142 27853 78317 188998 193848
97906 82472 188573 102549 164468
96031 22138 145287 189377 17412 139760 28153 35681 113419 83725
48919 113784 110533 101285 167866 75253 97143 3057 190548 85106
51970 122400
52012 63993 177677 89964
190296 89050 102768 45157 136375
142759 7638 77956 64148 94765 88810 78990 113721
40472 135359 14794 85894 28694 61753 102261 49117
160479 148278 23963 151694
131216 52253
59253
101005 73331
117292 5260 105664 158431 69332 60877 151389 125125
177174 139790 66286 174858 120268 81953 149065 44435
1727 169284 24067 6302 123712
24503 24140 190094 139162 155674
170880 105152 170188 32284 77612 101959 36852 160325 104081
165695 177021 177190 120352 129904 145233 22969
24067 56639 160335 119575 129822
21864 74920 191373 153693 24600 72597 38172
164504 185886 109571 183834 112179 83896 180322 50993 69798
73933 28080 148727
77941 109148 192929 43970 199387 139006 1334 53946
11419 394 104550 86461 87069 162919 86014 167573
154553 110646 132466 15203 33470
48323 59361 189553 38559 67448 26670 132661 162564
41466 97600 61165 37139 18180 1982 194767 116140 8147
27374 88054 81209 61932 181999
179198 106292 54494 157435 162605 182752
87055 14940 65287 50758 113272 142960 55681
180038
101253 27693 31654 74302
187252 69300 163448 12482 56042 195671 50395 1993
20771 152296 116465 140651 78329
149339 108341 164009 160657
140829 76883 84421 179489 197990 189050 32985
31235 139243 93852 132973 118783 164466 116989
56835 163190 82540 4712 26834 161674 90324 28890 42790
13646 26234 103761 34548 141622 60607 195233 27542 24756
102900
95895 30597 24891 197650 19218
144167 180579 57130 14545 114212 142110 67170 53024
34354 60911 24925 78707 176749 119016 87347 5729 84653
168360 105590 128889 118211 72451 87074 138253 47189
91710 79907 8377 79762 90805
103757 160145 95058
80747 92616 67892 12117 125709 190268 199115 69812 110403
29626 110097
83949 178424 20535 96189 23028 66930 73119
133316 196644 189204 100532 111461 47286 194412 96188 61839 21723
16041 159481
138292 37916
6968
121793 96716 180325 144347
22135 123973 187807 198140 168255 188044 151026 2501 46907 149101
32010 24827 185200 113064
145837 157686 169757 15060 64686 63954 141195 4094 51314
71748 14074 135783 96031 197113
131644 136490 128754 128554 58562 161220
128228 120155 50009 12562 187425 114572 24375 140402 68227 70721
45537 121855
51325 120952 166696 94117 25264 197557 180857 107416 188109
15731
20635 92638 31647 104670 67013 55145 43582 98825 23229 176900
198756 55685 169313 157092 112499
100625 27148 94203 112214 116474 184093 114211 48105 119509 182385
33971 78557 124630 141636 167623 196834
149271 146345 109091 48777 173972 70224 170119 159497
79552 117014 18651 162436 34252
91006
115370 56376 124088
61510 66975
7934 41703 180297 169961 112151 46521 24097
6307 4043 125499 179829
33260 149167 40081 181325 154026 160899 178543 43537 141057 92234
1042 175429 169472 17246 129829
176120 182387 157871 187993 98625 12819
97219 172840 28174
192815 19814 41151 53404 125992
106983 39180 79654 150449 168804 43040
36469 51343 143084 54379 123108 143553 66301
22547 124970 145124 91960
172814 45631 58719 53288 52906 83639 172398
128957 107385 88639
131444 190637 179990 90840 14367
35056 161713 150925 30437 66612 79162 131346 14175 160568
7404 30386 93010 85367 126197
43854 36428 150199 175077 184615 74611 118775 115927
127773 156518 78851 154121 51705 173310 53375 182236 6568 84920
122132 168421 196849 194746
49953 55015 67349
169040 93363 191058 138977 125539 20034 83276 64102 133518
79646 129845 164935 165794 71399 39331 55424 144499 115170
122144 30933 170589 54703 38222 198321 118689 63988
196642 35347 131421 145839 110276 23779
16439 53772 99916 77153 123663 182235 78922 154496
13448 174282 34375 162125 73722 163078 124291 43351
172701 48868 60576
55660 179617 91858 199025
190033 15520 34 76267 163272 104333 122559 73658 187782
28492 187471
141820 87632 161199 48251 81228
109783 120933 124718 13375 13061 63240 171067 62515
113746 22069 80892 143751
188130 180409 147620 77627 99321
96105 172690 195469 185677 198574 59685 130906
94794
163249 137532
198979 159829
69034 153247 105787 177569 167093 148679
120639 114208 153995
2600 35574 188005 144422 188992 34120
87483 149503 76309 93200 181615 164159 799
128437 10507 111657 49844 85276 123694 97928 173104
178557 172788 154030
186552 179710 66352 45825 55038 101688 182101 109820
115884 197684 19106 41944 10148 96300
323 25280 56793 72000 115428 63766 10348
61048 181589 148247
135348 49258 103845 172377 167004 187343
160018 56759 32193 57111 106831 186006
139528 112256 146355 110313 151280 137314 68803
189368
93589 174654
109840 40388 73449 95785 22080
195499 8797 17976 171394 96865
24003 66343 120179 91752 111795 186182 114852 69976 173234 50699
87422
117120 66858 86860
157615 80414 17764 44164 112565 192553 8653 70195 191435 131746
135730 138133 84045 37068 14080 153649 152325 106736 186250
110798 156525 74166 142518 160706 164225 37295
18466 158394 49077 159863 161604 132148
175338 89309
1752
39924 161396 130564 44570 164413 12305
177156 74257 164837 80164 191208 4354 161546
109937 178493 175562 174595 141900 26060 38836 53715 52369 101826
126399 30541 42989 11534 7297 155484 109279 79901
153459 185265 164068 9009 110250 194124 172443
166360 192627 60735 21578 42949 119773 43374 81668
86592 112287 47732 16168 198945 7792 195979 61394 118335
135671 34714
111137 49494 56763
139712 22676 166586 6442 8142 166553 996 187569
144178 22169 109889 29770 178436 45018 187183
49027
186931 166342 777 187055 194958 143726 49512 74213 178305 167495
177145 74643 155518 134305 42395 176841 26969
4126 35339 181858 176502 59943
14104 16046 160197 66586 78022 19823 191446 64978 160949
42455 55528 119812 172899 162717 155025
85517 83527 176737 120024
112703 149559 112995 88969 34476 45188 123989 30130 196090
147333 32911 137226
45073 76806 195095 94280 11735 88309 61142 3285 5278 199151
37554 176255 199150
99937 21216 59958
75938
47691 56434 33386 190969 143286 93820 40991 42597 131332 85569
149898 117647 102948 149633 36014 82762 150105 57106 140841 119290
191317 149127
140710 173981 127400 75801
44226 83222 28503 150108
66225
13177 77759 119896
68115 116545
194794 187764 4662
17636 49107 63569 62708 7384 188332 174932 29870 193813 21313
158668 137568 38907 73596 89811
114387 191956 67942 57261 38267 121929 188741 21280
86368 149716 169814 189519 130476 168777
11509 38596 122835 193887 119086 195508 106636
43487 79059 29700 27211 120213
119218
83472 38878
105447 162999
155015 180967 64050
180195
162778 177474 71454 27964 138976
63568 197108 172368
61206 81355
145104 81293 175039 151431
162359 67525 30838 126831 23885
21290 59125 133521 32797 52517 72942 63584 116947
192347 166894 120389 100277 39611 88606
182496 77330 29497 160542
84149
30942 184216
2697 70390 71425 46922 153708 70628 178758
74071 92595 59874 72047 132586 61792
174576
74197
53382 22523 82547 74607 43321 133247 137213 139605 181539 48312
107822 151929 185945 89067 9379 153258 168879 147000 90429 64195
177070 10138
142816 39038 73301 14385 89767 867 22214 70541 38402
163596 4837 191004 141258 39657 65710
192412 15203 41960 129785 84876 77491 189012
176138 76274 123509 57321 119217 172247
61403 141199 161539 106220
184339 127623 136275 196933
191437 92957 96885 109826 42068 115141 117508 41702
197239 167507 36867 56920 184805 132763 55936 129759
146670 158736
180684 15557 37618
199613 106672 50144 48724 12621
65940 156948 52466 166218 118837 160986 130416 182655
67560 159002 530
123782 69487 88579 127044
208 123415 181197 126322 187444 178954 27354 11313
32513 182632 184082 49260
13085 107236 89979 169331 18565
174267 55740 156257 134025 120427
47193 22572
155536 119896 76126 64095 67228 3649 117273
178268 131482 89720 158488 61751 13265 109309
10440 152150 66605 40196 76505 10773 138701
108039 84229 188673 153288 109954 1200
144672 10305 20697 131026 192657
31469 121275
31897 95647 87389 1668 139845 80610 194020 177999
115386 15774 95241 142298
61925
138522 64954 190539 91729 16527 75184
189995
13351 81824 174082 4263 77242 101039 68822 56401
59402 106077
101078 48018 276
143613 25138 9767
126495 178776 9645 17255 120643 165532 19549 98915 15107 48791
154507 92281 164055 180077 125277
194168
132691 34570 94127 176691 165121 123170 45634 1598 90333
13383 162235
17058 111602 12948 165987
67162 84582 33068 95001 57161 128854 95816 69733 190787 14733
76916 6739 150047 49596 16935 158673 114287 62763 139324 58446
121903 91634 13747 83890 94757 116436 127956
191402 109870 154137 42294 40173 103501
35274 167940 97484 19821 120484 82411 52811 127049 133079
14226 41915 12362 22901 19434 145995 179012 47542
94699 159245 152713 33089 36106 106412 111281 13351
127226 56692 16385 159269 62042 117853 106716 197665
110553 26213 183846 165613 180186 61338
160635 65243 86306
79889 156319 71879 105928 91146 39008 137051 18464 37833 162151
180218 68738
97240 80861 118849 60843 166765 33326 53552 915 129398
166982
45606 99921 152541 144399 21217 15356 57066 169588 70517
181035 6441 189057
178243 158913 18795 79543 41698 58732 8382 61504
38597 92056 43795 48701 196886 148066 98849 50569 91736 42388
74702 59365 32446 6363 82200 78690 2375 99824
169893 192149 114563 134559 132625 56572 165063
143494 1089 171761 47264 167614
115450 62239 46250 16091 35633 124878 181008 25177 90459 160968
82120 105939 150290 88166 167999 54867
122822 40137 83894 46914 44238 173744 147768 55923 170005 50089
6241 85874
12167 73890 30760 199717 166851 129453 73416 128433 144571
169061 51492 153394 31988 129662 60289 194557 93685
39732 138709 177277 128830 127572 102221 38584 51611 160047 68038
168085 78628 188910 104458 73607 93995 115682
20593 40170
5120 19413 91990 116791 160116
52244 137841 17435 188419 27029 130855 88777
80896 17935 131210 124263 110688 135158 77574 23330 77572
173811 89411
83272 24957 47811 84195 94988 135207 68232 188625 11396
184449 49886
55454 121698 79587 52350 92749
109744 143027 77810 136636 192170 99582 84998
118437 7619 192778 3467 76405 153857 99399 7444 117266
62781 99589 4756 87573 5099
91517 66412 155372 181386 91422 16579 100654 90794 137586
156806 141807 33101 23909 5856 146225
87940 174044 182007 143979
33055 26002 153599 90321 170049 80413 173284
142975 146567 150466 161135 89700
123380
105459 141546 193825 101558
187945 170154 131287
24519 167773 83586
87626 5175 35453 36970 183058 51988 198221 167420 95805 3127
9209 61412 33359
16631 109848 79633 129931 34774 1883 11373 102386 2749
78062 32110 153033
136219 18875 8484 32070 19203 33072 86940 36353 34340 161706
145318 150955 3545 22839 167841 51997 112011 184620 90261
100325 193339
17657 190536 4185
59942 82979 136134 194893
50247 70450 20796 48776 19758 26991 2840
179741 76844 66133 168730 30275 6343
32253
23062 113522 162300 122813
155461 181216 106598 85585
180095 840 45877 91619 197939 108112 12942
119087 45744 152976 18232 163060 181061 148541
70983 72304 91432 181191
28410 149752 45955 122680
71178 121077 131592 103934
125687
50975 81718 24214 137946 103782 39831 19178 176202
32377 116801 84267 119196 192381 56884 170104 13121 69073
171884 19866 121756 7987 139257
38845 29772 55775 136772 119740 9971 4165 197566
142010 42530
11677 40627 150847 29955 161112 35479 131780 193644
92634 14614 82333
88831 110854 93663 156348 192151 169971 9206 98945 3359
11666 190346 108027 195829 211 173123
60204 64565 105111 4289 4271 99555 23936 92726
131050 180760 58272 146343 55222 12433 106933 168121 180354 158193
197586 175066 105369 110983 40564 50653
42011 62872 80562 189878 142337
50054 64699 42891 156671 15290
173923 59857 164614
27903 46150 147774 114299
52913 106217
30287 177817 107343 14278 25825 147125 38487 66666
198146 36 5030
183619 72464 86897 46065 145833 137793 195106
87220 152048 26396 157717 199608 72038 35088
83796 96739 182412 27537 29420 127040 31017 10726 124446
78645 176590 85615 130441 195143 107272
22736 18738 102710 24840
150378 600 29706 76405 156110 22084 133468 14107 79393
83749 137777 72779 99619 179438 73087 169046 18941 58054 189426
66342 134697 22782 98629 77609 147607
49653 126528 163549 114823 66360
101862 36259 117025 117030 64481
65192 105553 56505 114833 91921
106007 47974 19280 181779 116671 66882 109218 31233 19148 122439
86631
185334 177504 170776 54906 82068 166833 107410
32696 41565 140389 42509 147331 20801 44459 113063 187373
192949 190842 22972 22819 61290
174778 25802 161357 143038 63132 135463 1959 151511
114974 168675 132595 28215 80061 81556 26237
90496
84860 173729 79577
13505 68716 195072 118659 41363 70476 82797 99925
97043
83668 56126 147104
149208 99310 56022 65182 118259 67474 149459
44657 37830 118434 70319 125847 22663 44978 123888 86374 38097
161470 4446 135771
185412 185377 170316 174617 130456 125272
116498
169106 176251 172019 34327
300 137146 13360 71838 91213
97528 139237 147171 57706 41393 3178 128995 184951 41520 69547
133927 10152 104018
123822 132377 123340 79974 50566 142276 190693 69918
72236 194858 149465 104004 108189 151311 40075 87463
125289 56447 125320 119436 47123 1764 146518 16774 35662 102248
34781 62720 105812 33371 162961 145228
189131
177711 52491 189076 167827 155722 50368 9444 184429
86559 150212 34907 87718 9889 5298 56515 135869 116752
14898 66929 103209 3903
178685 22172 68000 151204 111736 97322 98926 188250
43092 169179 55990 67862 100479 51568 123924
97811 148779 150516 176859 128555 175514 129679 77118 71722
173153 163545 175021
31508 166142 158527 162735
191255 124152
19941 146200 107859 115738 25152 185037
177178 165841 155098
17967 8660 196281
36463 179659 4073 140202 71845
9114 129075 16556
187391 121041 188854 111264 108166 196950 199891
51965 97442 194226 61807 188216 6630 191565 89897 95124 166124
59861 194399 39932 109561 102146 70278 135642 5023 146527
186023 174604 18190
89860 5460 15162 127733 103239 130022 192601 130102 76349 97920
38308 44468 168388
171143 132376 180642 195940
126054 177083 113203 120944 175266 39706 153073 42794 81639 126064
111918 139865 110277 61483 139601 141325 127903 59971
72418 189973 137285 61643 134280 111617 2627 118941
19797 196361
13010 51833 14195 91314 196617 92563 154087 165857 146697
74016 177755 21654 5491 131589
103428
172368 153505 97534 87318 44983 101465 64766
94806 194417 107913 60247
45584 34560 3910 165290 83085 8363 119773 50846 195312 71121
171791 167665 113927 137966 35978 21731 190811 55603
162072 194669 10246
143044
89662 130192 40385 159981 72151 178029 180877 168155 120472
119306 117819 80768 149793 62220 180201 193698 133241 136221 72858
497 73911 50420 189956 47885 82807 101619 73005 135960
157617 137161 111158 15868 11389 78928 185624 166741 132787 31686
33615 1149 193500 179193 144533 68808
19820 177162 76652 176258
50428 156055 2157 111499 36904 67627 147709
77442
155168 30522 180087 76675 115428
45718 168095 22641 34164 166840 49688 179789 123265 70961
98961 172117 173312 42162 32145 43210 28180 133105 16323
29910 27948 108017 141196 14181 39685 165406 150122 572 145754
126027 167316 158761 15295 127173 107034 194855 143616 137278
124855 192944 50541 151544 38262 18028 67017 152433 154859 17378
76535 121403 181439 83984 78286 26440 54874 121187 34364
39917 36908 35513 41686 179414 66581 18296
52972 181115 96495 20584 171678 70768
68596 76762 37012 90398 171169 100021 29271 42566 189058
72906
77677 25991 78079 174450 72434 22563 159619 75937
29841 183598 136180 117542
22704 153121 178069 143298
176754 22576 45298 47046
181468 117056 174731
107961 116709 24098 133568 38916
125807 159046 6321 128952 114449 173568 42085 40042
101878 120795 166464 77476 48977 43660
125984 120980
124179
114791 3623 102285 9203 19836 18759 101174 162690 156333
80370 168436 116081 173249 132058 9175 126269
152843 14577 172720 56909 141397 147208 95304 100798
21600 135436 12701 53821 158022 48539 156538 63142 26075
64366 197394 26454 165515 187912 89991 172867 128415 196303 5016
130992 120962 114886 110604 78300 72062 110592 127143 177249 105513
169275 101886 65895 107849 114596 141987 155033 169874 97282
32992 77513 129585
183640 145405 81883 139401 35819 93723 47402
112128 40353 5316 191095 59103 81336 156860
173132 148475 133073 43847 77264 15862 182424
170396 58937 84401 28972 89361 116628 158744
79091 133830 22612 109467 59240 175840
17528 28753 186896
64344 195877 141855 27976 48265 103928 133041 94453 118339 5398
73138 105331 81362 113856 44417 127556
141010 164407 151317 179709 24522 18154
126973 89076 194516
39277 44709 41221 189256 98242 139178 141853 157731 163139
189816 40054 49947 130828 138766 121082 150753
63289 177098 119244 84697
147389
66747 399 148736 73923 82623 20540 61400
92779 60791 103446
101538
54544 124259 47531 169107 100554 105945 97455 30614
56767 67672 164277 93425 171515 111744 52944 6857 169779 889
35913 63472 82298 146356
114577 143928 13823 86216 137306 186097 143152
67987 71052
169812 71990 24411 40916 84840
109817 108906 105753 146080 64379 44470
180746 136586 108552
19807 106773 138977 117730 153327
139876 115126 152184 153883 182130 151445
170465
46797 195115 27079 95047
81575 54709 185630 82156 34009 59873 31057 35253 87643 175388
95431 29764 162747 97569 181766 57785 149198 192989
183385 181883 1321 151996 68266 113365 17753
24685 102740 86288 173696 95724 74541
7734 132284 45896 58091 159638 31450 41652 189923 134025 148544
159936
103655 27856 146598
12238 31277 112533 196260 78160
174683 49799 91850 149829
161992 145619
80859 11716 119860 103798 18216 154562 148856 118655 139923 49140
19452
91388 80611 19974 113458 140045 88163 67735 137018
72995 10409 59281 122615 133965 184815 186796 164500
145467 103799 92873 80195 59368 110619 159194
25091 38396 9456 50689 24301 164309 69062
194323 55335 12775 68820
10800 104610 95372 184267
56146 185084 115368 126770 71665
12972 75630 43067 87242 77355 29700
152557 163102 5797 32236 155379
190446
199222 176260 135430 92282 169608 115463 3959 88951 6985
62445 138458
80732 73975 188195 156254
126432 178659
96260 28803 67220 111935 176658 59 18023
45041 142878
188661 117948 164723
185942
141457 157792 29265
33364 133501
4630 11143
31536 113442 173731 74061 167618 11454 185268
7926 107713 96246 130928 195786 175939 160922 117114 23338
146834 283
176096 93672
29560 89019 120377 107993
126214 35490 51321 54184 80607 105461 106069
143147 117742 19177 113148 168174 63312
38409 153415 83115 141657 35234 144353 17961 58772
168856 889 15321 17329
11258 45979 41794 140410 18106 161562
76208 199618 114906 21211 30423 124613
162954 71634 135381 23081 64173 193594 29854 158826 64539
23773 29382 23051 187850 97208 160193
141873 32028
165397 11334 69022
66235 64713 149780 96532
18806 102779 70717 92787 80073
156774 108974 145762 61942 36812 87054 34385 125242 184890 101074
12244 113382
73020
54687 46900 11876 107392 7937 162018 167381 163548
43028 127010 133420
8088 36445 86416 37873
162910 99731 189689 148277 65640
49812 59667 143238 53152 67505
90091 35246 11188 70992 156697 86104 98424 181987 180775
191691 89517 172803 125769 105661
418 40558 68689 131092 28297 160875
49203 152519 117099 138727 160208
65104 188560 118162 38725 38201 62010 145203 33305 87904 155482
110877 142042
133117 116882 33144
24876
196968 116891 18748 196851 112520 110406 127255 11797 121798 117172
142378 34591 177108
8830 46129 57253 75404 100940 55654
88144 101237 185386 94386
127033 4491 53728 93938
175570 151663 184544 8487 154879 79386 150914 51398
127038 101921 155099 185809 86102
132991
138995 40364 53671 41868 73091 72878 71128
39858 4224 168117 184715 157925 169917 116458 10712
50132 130815 152273 74866 172363 15501 175173 198236 145927
155572 16729 135942 41950
55401 107476 61124 98735 110329 123682 67397
160543 74753 148278 184581 112356 178250 131119 187812
185582 22955 111758 27558 184633 164012 160589
90871 197592 106331 36245 30638 23409 57687 152432 74995 113518
70588 7237 189657 714 63726 36432 4080 185717
2888 95776 94967 50099 12497
170066 82838 101371 174438 102735
22755 82704 75977 85358 6670 31436 134544
130617 164159
132688 176661 152727 22446 38741 1702 170681 13310
80852 176647 9515 177479 100338 18672 124387 47375 106921
196774 189860 70488 175381 198587 185027 171629 150501 184095 52880
136012 10549 184311 76619 123345 172347 57879
93744 138284 179177 38150 74028 171329 36362 78773 104895
122650 40066 98715 52765 112014 130327
157714
133155 41441 13934 37190 26195 110832 174469 49601 102906
143557 35347 82211 161648 128261 176015
143812 114902 41847 145638 152123
125863 1614
139146 119488 86569 172250 119530 9643 34370 4920
26144
181115 52956 114112 44602 105711 134858 75284
77862 94238 165489
108180 19885
103959 3716 168688
127429 141589 179501 170011 63462 101330
183534 50333 128739 107479 176691 171786 61522 2346 170665 7603
52070 28851 161079 144281 94493 57148 151984
44014 78901 187592 174826 19894 40414 20481 159471 14293 55232
162741 186758 70512
190658 11938 82386 184847 60404 113520 12348 63581
76666 196652 59173 51257 72431
124926 175975 102903 185213 109733 74813 25297 68674
75571 101457 90904 157746
43661 186042 75 189546 54897 761 153062 119405
14409 29816 136073 10856 28353
84415 114413 17628 93574 116550 190114 68820 185525 96156
41086 159322 133184 156618
106178 113437 59345 100198 127712 17106 175794 5521 118681 52768
114396 22583
140011 111920 156202 76596 145148
162927 15975 119368 154693
145162 8114 118530 192904
57904 123927 33677 70309 29197 165462 14845 166896
139777 1516
176222 162634 99111 99642 50287 102231 28279 49516
171462 102912 6653 106860 150017 133885 170180 86191 22930
101700 55373 58436 153347
67794 119706 67130 192697 40064 40455 65936
39545 63446 53485 108704 149990 70053 126526 104420
123991 33484 31403 155370 103271 94460 187658 192785 42320
73405 118037 145462 196260 93265 177328 180553
55197 18747 70539 139527 149128
179197 28717
109839 33847 131053 73300
139460 145981 28330
2553 162042 168884 161906 198 152458 19906 150605 7513
114866 69541 127254 4072 93175 39937 125092 194023
152887 43562 93822
89403 22167 193535 105096 119015 41960
89103 179807 193316 143901 31851 127073 56689 12523
22557
186894 48318 169873 140325 83151 104861 3642
182912 100518 184865 36169
41508 145977 177228 104524
170607 133777 17603 178484
149952 173355 19482 118895
121691 170307 197344
175292
69304 80977 121784 132502 2602 111713 39942 123293 35223
167354 98577 199339 89094 155786 36534
129609 96714 119454 32309 130495 9578 16554 152345 29487 165640
43238 192332 47530 188665 158731 4535 90025 150460
77581
101690 114199 92027 33912 107096 167738 3657 196373 146840
79401 75831 56569
19451 4017 199036 60892
140892 106352
58344 26552 135598 130911 77725 136426 112826 28098
84466 84198 61420 154605
138632 91717 126280 161606 195615 129093 114973 168746 126313
164167 168456 166373 71005 120409
61264 199568
25424 181948
151742 53740
154568 126667 46593 44197
9446
87358
197019 115838 75026 40676 5568 58189 9447 148110 136652
136779 105743 52263 144790 96357 174758
162160 11547
133268 45785 74390 96509 160254 145293
111928 97100 12389 85558 178707 176284 13397 59765
4234
92486 38535 74006 167560 19249 7038 129386 151229 191012 112772
195082 171347 66249 133050 111739
78657 192355 89913 156765 56059
60222 46004 156153 17186 108207 35430 135964 130213 72013
65785 93178 50490 191426 65765 25917 43169
118348 30560 157750 160123
51011 174015 189970 135285 32271 14524
169640 40636 154348 184892 157660 160528
184862 18648 65355
131429 109338 96362 172858 183983 9852 163491
100645 74119 199238 44251 100205
162809 55368
80844 8166
3684 104456
150376 106428 181848 39938 21674 70852 148060
131020 105823 56639 22224 197683
178349 155961 6622 56551 131551 186701 26316 170123 196968 58395
152396 92816 141535 70083 113008 161814
66611 89486
108896 137832 15375 7964
74319 187773 84786 58716 61986
5494 18431
168163 119549 198223
77369 68063
20868 128428 151377 165502 191795 88906 126251 6269 80475 109664
199254 24725 193343 80468 5088 130178 14169
101287
124221 121086 22085 40078 133725 68871 99349 102465 120161
53212 67586 177286 123340 35876 90811 187286 16983 105509
174184 54453 199027 85721 178221
136876 134025
56278 94734 173294 125266
89676 197267 60632 162082
144245 116032 163337
132499 17946 131653 134079 154525 179077 159401 76730 162079 154710
93591 60904 98686 185737 83271
180430 198518 5186
95774 93549 187755 147320 194106 114474 68553 115104 102216
98185
118178 27178 66652 180443 65712 130530 154445
135315 136982 41676 129722 135913 50028 129999
169126 146326 185363 186396 139709
8785 113244 115920
143094
135656 185278 21412
113963 59412 30591
58585 11364 47382 131979 151293 114261 57793 12416
29832 185006 86698 151094 193870 147521 130025
163670 33748
161918 32724 136661
95203 33629
181637 60382 17659 128428 67710 176691 96377 120478 79310
53327 23213 98095 68509 66774 13674 23796
75080
5722 193574 7605 85003 95366
135477 21441 35605 173736 123908
87230 165229 168833 30991 111630 7463 51228 84517 128396 4529
129216 499 83547 179795 68234 48814 156640 35495
110811 30433 32554 189418 23631 70646 2863 53542
153711
99152 51217 6122 97571
84365 94875 173755 33325 172381 54771 52844 178110
30726 146694 23540 53584
40968 111703 65576 68885 156076 13192 17323 113286 120757
24134 123435 177120 77766 129797 105681 3798 35023
33726 67187 15611 183934 89346 82560 6940
169922 89286 185004 1330
145981 108318 154588 84289 99230 163048 98141 155009
124702 1226 30498 178206 186042 27797 32058 103736 145186 172362
35160
150343 194656
26880 43393 102933 18843
13417 173587 188949 155341 129523 84774 57780 97988 169907
147297 126377 88755
43043 109734 94917 143630 199734 150201 110725
52685 60969 137961 56176 156180
82095 125218 182404
2720 158083 127726 15479 162834 116834
18086 167312
54156 84745 121198 33304
77337 96374 180394 15501 39571 114027 59531
35848 117705
478 93078 155002 62564 6267
74092 125397 101749 186689 73860 18688
31665 126139 134107 115529 94435
9836 74099 166705 148534 57130 87953 142077 184063 36770
75461
64853 34227 102364 191983 153895 111548
41488 159204 183648 53509 156840 83940
179579 177709 185532 97859 168249
38874 132614 94640 99900 57480
69960 113693 50180 46923 195241 159624 21563 70047
82193 52814 138084 138480 104872 43718 164728 34965 153083 98199
52509 71205 115310 103362 83047 99729 133851 128873 143105
135429 60837 167124 186052 190037 4089 188054 131149 136917 109090
123221 25951 150869 52860 34246 128365 131791 39654 104375
166984 29280 130380 173898 62802 72347
72487 148901
50829 143314 53191
149490 182733 4920 197901 163907 93780 36396 70421 131999
187340 84264
938 128467 171794 70170 157639 106043 191185 149923 130912 92370
71969
50562 65751 100191 13093
66278 71680
148268
35811 95602 89515 167194 189440 125740 175775
54655 172942 180219
85704 124595 181574 135324
6913 67982 5411 75202 129545 197300 150824 163806 69378 120339
132995 72914 44991 47716 7779 161953 56060 63744
2293 49421 176591 190408 164646 53083 109959 126735 60877
135875 157841 98953 100135 190447 50249 39193 43273 59177 95130
147346
128714 125914 705 193837 103459
59038 188162 43941 162054 52692 86794 191967
193714 125238 148663 22175 139964 134177 21584 48326 136756 110865
21968 134400 128714 126106 151025 146269 166786 87485
88407 80725 111331 17385
27262 124872 108866 64159 94684 51639 166860 72283 125272
45981 160655 175796 64099 171988 100727 180608 54313 112572 84989
187807 8652 130225 91391 140744 4671 23192 4898 88779 10292
45987 15134
8943 158157 39012 176704 6634 184713 155613 12605 172759 169257
65856 98858 46039
178164 65966 189430 56057 40696 22090 133286 118488
57086
146473 169410 40699 126693 13303 107954 5470 104011
76643 65373
134995 149091 197300 191482 32189 20943 124035 152895 14839 72492
157370 11174 104417 61398
102169 192436 77574
79462 73828 173380 118804 38558 44577 172031 41034
44894 196826 31997 198699 86606
187078 15805 151060
55138 68499 126401 76764 37397 153579 15747 116901 140838
118336 149622 134508 94562 139152
89492 162140 170945 39515 127824 151300 74241
111216 157287 74099 168643
12446 121739 55488
72204 38632
137475 125903 191147 56154 8188 13818
12960 180991 30898 139520
48451 15158 53258 103233 103298 116746
35359 97509 84658 104652
178338
152212 102378 11303 169610 55389 28440
2768 49385
41607 56695 12213 83339 165023 26704 12204 145413
76208
189431 169314 146424 522 30237 159441 199475 10725
122553 144759 17704 157088 123846 38488
169401 198950
8999 153930 61500 118435 173576 8370 24904 7321 34728
7772 62563 110923 2933 38189 21897
193420 46705 61464 29884 130108 129117 137568 68890 67216 4278
73679
164346 196590 127266 47188 192532 55907 173940
125954 63610 161703 11162 155175 17593
37091 47602 71726 26796 168707 178002 159371
148359 52798 89930
24744 70436 64141 21170 3702 38377 84632 14095 13338 128063
177882 189217 112484
177821 115366 190667 112282
83841 188927 80958 167773 26920
133046 194707
94370 53210 189709 22640 58659
181342 145529 103908 40468
54605 6276 13657 148099 111149 181732 124202 173023 113021 53009
180494 166225
84686 11383
5137 14871 116122 9365 151729 24201 56738 73289 92088 85331
179874 76233 117975 25572
3203 14532 18883
152567 113738 101646 120657
86439
10451 60635
136734 5369 79754 189229 136199 164925 198560 159282
94498 50763 7694 62001 172175 107468 24272 194764 61075 117423
190816 137783 24577 198243
17915 187770 49046 118918
4828 6455
108606 94481 107312 195919 148075 37107 129270 61846
118297 159652 110768 72689 143179 124744 44354 131652
12611 24212 191810 122349 94058
157591 11238 174467 25842 50574 140053 18227 22245 139687
95544 115441 71072 156019
56337 70049 174076 196715 176684 187122 121629 39593 92206
32401
39137 60962 134081 118655 87583 71902 193150 199725
192352 181498 55556 132690 35829 76653
43743 45654 63355 1994 169381 197632 12793 89791
177369 9763
76925 104654 130513 35363 68889 136291 127052 55148
191861 128914 199853
9185 198448 63747 162328 175889
110706 122503 156092 54933 168101 59148 158959 72281 49526 63051
31053 146665
148550 110170
146286
71593 1796 64371 83296 39231
61147 140899 50586 165257 164618 754
8470 134734 191197
15288 117014 137309 109997 178390 54556
189895 22542
94789 28814 191011 27029 117298 160821 41966 172770
45005 42460 160516 111081 61031 31631 142050
143838 54310 194378 2185 74489
72233 172288 136328 64540 158297 37798 107814 199640 112383
5755 198233 157423
57189 99690 108035 41166 137613 196997
20480 55246 93957 131926 191109 10650 109209 50242 133973 145924
194592 147150 78684 8874 41017 188600 25002 69715 192613
173173 96086 192185 9111 165268 57014 47995 15124 196820 72589
66238 157265 128157 24251 164332 63177
15354 113905 64146 155894 43465 91497 86222 106462
9314 97786 103650 151716 16833 43840
129064
72728 135521
130042 180711 28613 113980
128693 197799 193725 27834
137118 530
161704 101647 122171 34165 162638
197017 145762 30907 11359 139606 88209 33146 133437
174953 31653 196980
1409 68805
62963 77770 64320 69561 61180 165962 181207
79285 175753 17356 106161 152700
58335 3114 3310 182273 31186 46101 57378 97261 123456 126272
186393 32514 15136 136701
78303 163174 120373
159535 153258 169510 160655 147384 120283 111910
122189 67558 111903 32996 24190 181799 126433 106650 83450
127520 171063 61612 156203
96420 99361 123815 98064 118123 35144
43558 71634 161854 158060 166253 43554 81504 163833 79359
20652 116377
91343 124557 33751 24070 125038 163727 23334 123696 175412
84846 55348 168947 4190 133562 138543 91575 128986
103501 183563 99089
190677 62610 76114 69540
179722 26828 55035
103813 167778 57786 179898 81199 11202 173551 37914 137500 124350
82676 38874 152047 183029
31509 31505 83981 83961 149291
5493 103877 165184 57504 60576 126103 166154 18005 30025
149605 6847 120974 94990
182322 35897 86957 155120 139753
113393 105813 118132 13772 132933 64612 175362
143400 165785 195750 29865 16904 52815 55499 128030 19728
188256 16011 109011
115880 43778 144159 84434 146082 56694 129370
181421 34914 110726 67130 39460 146824 165011 84236 118445 111567
182099 165606 95571
163466 178403 29755 55311 155163 106258 66428
63794 172040 101645 182265 156271 60060
41854
127760 66069 195523 105790 120513 151475 98343 82696
9686 127644 103705 132405 103338 110716 194745 33469 77899
146940 66538 90796 161288 89650
123962 37859 130304 83796 121852 196602 81592 142594 24722 53144
195602 198316 24282 86539 137484 140731
7387 132033 32122 186302 166211 30959 56042
9109 58759 159709
145365 9282 90100 125143 180884 181587 170096 153507 169873
119802 137327 125869 19669 16494 110599 119000 179284 164880 129441
109075 30345 1631 126517 169185 181410 195123 65258 19485
53758 37222 25212 60493 13246 111092 166191
13315 38509 104635 42013 81784 61571 106635
101685 73200 199306 23713 126878 186762 84230 178380 28684 177440
54875 30190 170313 78944 105246
72089 40114
185789
4258 192624 52115 73339 24185 162195 56073 71818 23673 75178
265
146118 176316
47123
22400
28983 10499 111578 20849 97398 7721 149733 60988 177559
43240 52758 20083
10525 75894 117217 155890 153476 39097 179505 176381 44216
180305 75040
83117 51525 188867
83227 99757 24452 91837
21101 96148 28687 30015 175288 187629 53804
110574 97766
90775 1678 94180 83119 98135 69565 100889 27474
174045 150905 61570 187282 155783 169416
99929 33882 135741 30265 123161 159042 113209
159862 171427 43203 80221 128942 159493
63212 69823
140067 157095
193408
33783 43647 131564 10413 35196 147503 139863
9802 98485 69436 73523 192472
165294 108546 54861 98014 157033 165051 132315 32903 141760 16356
40507 42220 88762 175812 153503
156159 29819 4421 171065
167993 25654 129031 114026 80382 128914 135188
57545 106171 115803
104620 102588 40228 87269 58101 165439 100072 186142
134015 21202 153286 154562 33783 30299 90645 156635 136441 151626
10974 29145
177889 92908 68083 26929 172054 6808 58845 135186 23178 25033
176466
161099 16851
63001
12175 164736
164855 121571 16729 79199 19148 166733 35464
31384 144623 143542 83221
199279 87870 98319 9696 17743 140543 197129 2429 149545 198997
80713 124655 2640 141040 166296
175628 185920 130318 56896 16946 101832
32695 153613 175104 83215 186239 175575 16603 11294
21777 63960 135978 196976 150434
11920 95821 85732 30569 93699 5292 193430 149188 95554
28237 19468 17485
117418 3603
117681 81727 129411
139862 95104 181715
125760 41206 35487 134837 82569 140321 127380 103257 107713
161141 185666 157463 42397 122016 18638
166559 145797 15533 190310 101828 56747 65544 155873 82664 15308
24203 98646 22330 162125 146887 189111 191183 30707 89400
92154 16818 66267
145881 87126 49795 175614 2513 106533 42855 26344
40420 98159 199608 156256 114722 13592
130809 199668 128688 12489 23692 96182 190327 19739
103321 74922 94864
144649 95018 119182 63590 104634 192067
94785 184863 183947 129991 165902
99316 151497 4785 127248
65051 2374
171217 170477 98127 183216 33152 180054 82641 139719 149939
168325 113467 133443 25766 197203 77378 28949 111699 197470 25998
134423 35084 58364
72449 96983 183450 112581 133472 176803
195245
62510 84612 44938 195836 71918 188716
45316 109372 155112 49503 5565 109667
36161 100232 27701 196948 111241 88597 194666 71840
44654 147520 95179 61583 76629 67960
41764 4993 23873 116591 188291 81891 158696 60112
74609 177847
146546 85216 99033 176086 125587 36581 169746 115229 124283
97774 194027 40251 65851 603 67255 12976
150582 99960 54641
125274 32286 94945 3878 59501 60639 121794 121169 73480 39649
152629 124970 106900 6720 169608
28821 134560
41024 75043
